step,x,y,mu,vx,vy,omega,lidar_l,lidar_c,lidar_r,throttle,steering,reward
0,1.308489,1.666942,-1.858521,0.000000,0.000000,0.000000,0.360000,0.400000,1.000000,0.100000,0.500000,0.000000
1,1.308489,1.666942,-1.858521,0.007000,0.000000,0.000000,0.360000,0.400000,1.000000,0.100000,0.500000,0.007000
2,1.308469,1.666875,-1.858521,0.014000,0.000000,0.000000,0.360000,0.400000,1.000000,0.100000,0.500000,0.014000
3,1.308429,1.666740,-1.858521,0.016731,0.007814,0.334217,0.360000,0.400000,1.000000,0.100000,0.500000,0.016731
4,1.308457,1.666558,-1.855179,0.027224,0.006697,-0.194383,0.360000,0.400000,1.000000,0.100000,0.500000,0.027224
5,1.308445,1.666278,-1.857123,0.030051,0.006788,0.499942,0.360000,0.400000,1.000000,0.100000,0.500000,0.030051
6,1.308425,1.665970,-1.852123,0.038732,0.010467,0.037983,0.360000,0.400000,1.000000,0.100000,0.500000,0.038732
7,1.308418,1.665569,-1.851744,0.043042,0.009401,0.540077,0.360000,0.400000,1.000000,0.100000,0.500000,0.043042
8,1.308389,1.665130,-1.846343,0.050497,0.013773,0.248209,0.360000,0.400000,1.000000,0.100000,0.500000,0.050497
9,1.308384,1.664606,-1.843861,0.056013,0.012940,0.536732,0.360000,0.400000,1.000000,0.100000,0.500000,0.056013
10,1.308358,1.664032,-1.838493,0.062649,0.016208,0.435660,0.360000,0.400000,1.000000,0.100000,0.500000,0.062649
11,1.308348,1.663385,-1.834137,0.068717,0.016774,0.562501,0.360000,0.400000,1.000000,0.100000,0.500000,0.068717
12,1.308331,1.662678,-1.828512,0.075056,0.018657,0.578452,0.360000,0.400000,1.000000,0.100000,0.500000,0.075056
13,1.308321,1.661904,-1.822727,0.081298,0.020004,0.636603,0.360000,0.400000,1.000000,0.100000,0.500000,0.081298
14,1.308312,1.661067,-1.816361,0.087572,0.021470,0.682812,0.360000,0.400000,1.000000,0.100000,0.500000,0.087572
15,1.308307,1.660166,-1.809533,0.093843,0.022888,0.731072,0.360000,0.380000,1.000000,0.100000,0.500000,0.093843
16,1.308307,1.659200,-1.802222,0.100118,0.024285,0.778938,0.360000,0.380000,1.000000,0.100000,0.500000,0.100118
17,1.308314,1.658169,-1.794433,0.106396,0.025657,0.826638,0.360000,0.400000,1.000000,0.100000,0.500000,0.106396
18,1.308328,1.657075,-1.786167,0.112676,0.027003,0.874155,0.340000,0.420000,1.000000,0.100000,0.500000,0.112676
19,1.308351,1.655917,-1.777425,0.118959,0.028320,0.921477,0.340000,0.420000,1.000000,0.100000,0.500000,0.118959
20,1.308385,1.654694,-1.768210,0.125244,0.029608,0.968591,0.340000,0.420000,1.000000,0.100000,0.500000,0.125244
21,1.308429,1.653408,-1.758524,0.131531,0.030865,1.015486,0.340000,0.420000,1.000000,0.100000,0.500000,0.131531
22,1.308487,1.652058,-1.748370,0.137820,0.032089,1.062149,0.340000,0.420000,1.000000,0.100000,0.500000,0.137820
23,1.308559,1.650645,-1.737748,0.144110,0.033278,1.108567,0.340000,0.420000,1.000000,0.100000,0.500000,0.144110
24,1.308648,1.649169,-1.726662,0.150401,0.034432,1.154728,0.360000,0.420000,1.000000,0.100000,0.500000,0.150401
25,1.308755,1.647629,-1.715115,0.156693,0.035549,1.200619,0.360000,0.420000,1.000000,0.100000,0.500000,0.156693
26,1.308881,1.646028,-1.703109,0.162985,0.036627,1.246227,0.360000,0.420000,1.000000,0.100000,0.500000,0.162985
27,1.309029,1.644364,-1.690647,0.169276,0.037665,1.291539,0.360000,0.400000,1.000000,0.100000,0.500000,0.169276
28,1.309201,1.642638,-1.677731,0.175566,0.038661,1.336541,0.360000,0.460000,1.000000,0.100000,0.500000,0.175566
29,1.309398,1.640851,-1.664366,0.181854,0.039614,1.381220,0.360000,0.520000,1.000000,0.100000,0.500000,0.181854
30,1.309622,1.639004,-1.650554,0.188138,0.040522,1.425563,0.360000,0.600000,1.000000,0.100000,0.500000,0.188138
31,1.309876,1.637096,-1.636298,0.194420,0.041384,1.469555,0.340000,0.740000,1.000000,0.100000,0.500000,0.194420
32,1.310162,1.635129,-1.621603,0.200696,0.042199,1.513183,0.340000,0.920000,1.000000,0.100000,0.500000,0.200696
33,1.310482,1.633103,-1.606471,0.206967,0.042965,1.556432,0.360000,0.920000,1.000000,0.100000,0.500000,0.206967
34,1.310837,1.631019,-1.590906,0.213231,0.043681,1.599290,0.360000,0.920000,1.000000,0.100000,0.500000,0.213231
35,1.311231,1.628879,-1.574913,0.219488,0.044346,1.641741,0.380000,1.000000,1.000000,0.100000,0.500000,0.219488
36,1.311665,1.626682,-1.558496,0.225735,0.044958,1.683772,0.380000,1.000000,1.000000,0.100000,0.500000,0.225735
37,1.312143,1.624430,-1.541658,0.231971,0.045516,1.725368,0.360000,1.000000,1.000000,0.100000,0.500000,0.231971
38,1.312665,1.622125,-1.524405,0.238196,0.046018,1.766515,0.360000,1.000000,1.000000,0.100000,0.500000,0.238196
39,1.313235,1.619767,-1.506740,0.244408,0.046464,1.807199,0.360000,1.000000,0.880000,0.100000,0.300000,0.244408
40,1.313855,1.617358,-1.488668,0.252997,0.041418,1.614999,0.360000,1.000000,0.840000,0.100000,0.200000,0.252997
41,1.314476,1.614870,-1.472518,0.261443,0.035054,1.372874,0.380000,1.000000,0.820000,0.100000,0.200000,0.261443
42,1.315081,1.612303,-1.458789,0.269393,0.030449,1.207997,0.400000,1.000000,0.800000,0.100000,0.000000,0.269393
43,1.315685,1.609660,-1.446709,0.276755,0.022222,0.886830,0.380000,1.000000,0.780000,0.100000,0.000000,0.276755
44,1.316248,1.606941,-1.437841,0.283945,0.015830,0.639135,0.380000,1.000000,0.760000,0.100000,-0.400000,0.283945
45,1.316781,1.604147,-1.431449,0.287531,0.006351,0.253450,0.380000,1.000000,0.740000,0.100000,-0.400000,0.287531
46,1.317244,1.601309,-1.428915,0.291197,-0.002046,-0.096444,0.380000,1.000000,0.740000,0.100000,-0.400000,0.291197
47,1.317635,1.598423,-1.429879,0.295049,-0.009332,-0.407856,0.380000,1.000000,0.740000,0.100000,-0.400000,0.295049
48,1.317957,1.595489,-1.433958,0.299164,-0.015503,-0.679519,0.380000,1.000000,0.760000,0.100000,-0.400000,0.299164
49,1.318212,1.592504,-1.440753,0.303583,-0.020596,-0.912119,0.380000,1.000000,0.760000,0.100000,-0.400000,0.303583
50,1.318401,1.589467,-1.449874,0.308311,-0.024690,-1.108326,0.380000,1.000000,0.780000,0.100000,0.000000,0.308311
51,1.318528,1.586377,-1.460957,0.315577,-0.017534,-0.828988,0.360000,1.000000,0.780000,0.100000,0.000000,0.315577
52,1.318699,1.583221,-1.469247,0.322713,-0.012156,-0.614090,0.360000,1.000000,0.800000,0.100000,0.000000,0.322713
53,1.318906,1.579998,-1.475388,0.329779,-0.008248,-0.453387,0.360000,1.000000,0.820000,0.100000,0.200000,0.329779
54,1.319138,1.576707,-1.479922,0.335496,-0.000977,-0.142790,0.360000,1.000000,0.820000,0.100000,0.200000,0.335496
55,1.319432,1.573365,-1.481350,0.341349,0.004735,0.115840,0.360000,1.000000,0.820000,0.100000,0.200000,0.341349
56,1.319785,1.569970,-1.480191,0.347369,0.009062,0.326196,0.360000,1.000000,0.820000,0.100000,0.200000,0.347369
57,1.320189,1.566518,-1.476930,0.353551,0.012230,0.494782,0.360000,1.000000,0.820000,0.100000,0.200000,0.353551
58,1.320642,1.563010,-1.471982,0.359873,0.014468,0.629061,0.360000,1.000000,0.800000,0.100000,0.000000,0.359873
59,1.321141,1.559443,-1.465691,0.366952,0.010073,0.483319,0.340000,1.000000,0.800000,0.100000,0.000000,0.366952
60,1.321626,1.555804,-1.460858,0.373990,0.006846,0.371087,0.340000,1.000000,0.780000,0.100000,0.000000,0.373990
61,1.322105,1.552095,-1.457147,0.381003,0.004504,0.285154,0.340000,1.000000,0.780000,0.100000,0.000000,0.381003
62,1.322582,1.548314,-1.454295,0.388004,0.002823,0.219439,0.340000,1.000000,0.780000,0.100000,0.000000,0.388004
63,1.323061,1.544464,-1.452101,0.394997,0.001628,0.169132,0.340000,1.000000,0.760000,0.100000,-0.400000,0.394997
64,1.323545,1.540544,-1.450410,0.398732,-0.006394,-0.176708,0.340000,1.000000,0.760000,0.100000,-0.400000,0.398732
65,1.323960,1.536577,-1.452177,0.402633,-0.012966,-0.492351,0.320000,1.000000,0.760000,0.100000,-0.400000,0.402633
66,1.324308,1.532564,-1.457100,0.406749,-0.018203,-0.775607,0.320000,1.000000,0.780000,0.100000,0.000000,0.406749
67,1.324588,1.528502,-1.464856,0.413876,-0.012687,-0.617836,0.320000,1.000000,0.780000,0.100000,0.000000,0.413876
68,1.324900,1.524373,-1.471035,0.420940,-0.008521,-0.490934,0.320000,1.000000,0.800000,0.100000,0.000000,0.420940
69,1.325234,1.520176,-1.475944,0.427966,-0.005421,-0.389715,0.320000,1.000000,0.800000,0.100000,0.000000,0.427966
70,1.325586,1.515911,-1.479841,0.434972,-0.003142,-0.309282,0.320000,1.000000,0.800000,0.100000,0.000000,0.434972
71,1.325949,1.511576,-1.482934,0.441965,-0.001491,-0.245438,0.300000,1.000000,0.900000,0.100000,0.300000,0.441965
72,1.326322,1.507172,-1.485388,0.446772,0.006131,0.080883,0.300000,1.000000,0.920000,0.100000,0.300000,0.446772
73,1.326765,1.502726,-1.484580,0.451735,0.012051,0.373783,0.300000,1.000000,0.900000,0.100000,0.300000,0.451735
74,1.327274,1.498236,-1.480842,0.456886,0.016449,0.632158,0.300000,1.000000,0.900000,0.100000,0.300000,0.456886
75,1.327848,1.493700,-1.474520,0.462230,0.019524,0.856965,0.300000,1.000000,0.880000,0.100000,0.300000,0.462230
76,1.328487,1.489118,-1.465951,0.467751,0.021473,1.050608,0.280000,1.000000,0.780000,0.100000,0.000000,0.467751
77,1.329190,1.484489,-1.455445,0.474958,0.014239,0.863537,0.280000,1.000000,0.760000,0.100000,-0.400000,0.474958
78,1.329878,1.479787,-1.446809,0.478632,0.003047,0.466902,0.300000,1.000000,0.740000,0.100000,-0.400000,0.478632
79,1.330500,1.475041,-1.442140,0.482319,-0.006131,0.089459,0.300000,1.000000,0.740000,0.100000,-0.400000,0.482319
80,1.331058,1.470250,-1.441246,0.486118,-0.013431,-0.263096,0.300000,1.000000,0.740000,0.100000,-0.400000,0.486118
81,1.331553,1.465412,-1.443876,0.490094,-0.019007,-0.586863,0.300000,1.000000,0.740000,0.100000,-0.400000,0.490094
82,1.331985,1.460527,-1.449745,0.494277,-0.023032,-0.879735,0.300000,1.000000,0.740000,0.100000,-0.400000,0.494277
83,1.332353,1.455592,-1.458542,0.498674,-0.025686,-1.141248,0.300000,1.000000,0.760000,0.100000,-0.400000,0.498674
84,1.332656,1.450608,-1.469955,0.503268,-0.027148,-1.372293,0.280000,1.000000,0.860000,0.100000,0.200000,0.503268
85,1.332893,1.445574,-1.483678,0.509123,-0.014081,-0.997037,0.260000,1.000000,0.900000,0.100000,0.300000,0.509123
86,1.333195,1.440489,-1.493648,0.513854,-0.002541,-0.605951,0.260000,1.000000,0.920000,0.100000,0.300000,0.513854
87,1.333566,1.435364,-1.499708,0.518597,0.006692,-0.238757,0.260000,1.000000,0.920000,0.100000,0.300000,0.518597
88,1.334001,1.430196,-1.502095,0.523451,0.013784,0.099085,0.260000,1.000000,0.920000,0.100000,0.300000,0.523451
89,1.334498,1.424983,-1.501104,0.528474,0.018939,0.404443,0.260000,1.000000,0.920000,0.100000,0.300000,0.528474
90,1.335055,1.419725,-1.497060,0.533688,0.022384,0.676317,0.260000,1.000000,0.920000,0.100000,0.300000,0.533688
91,1.335671,1.414419,-1.490297,0.539087,0.024356,0.915441,0.260000,1.000000,0.900000,0.100000,0.300000,0.539087
92,1.336348,1.409065,-1.481142,0.544648,0.025087,1.123784,0.280000,1.000000,0.880000,0.100000,0.300000,0.544648
93,1.337085,1.403663,-1.469905,0.550336,0.024788,1.304064,0.300000,1.000000,0.860000,0.100000,0.200000,0.550336
94,1.337886,1.398212,-1.456864,0.557113,0.021302,1.358926,0.320000,1.000000,0.840000,0.100000,0.200000,0.557113
95,1.338731,1.392702,-1.443275,0.563830,0.017856,1.404702,0.340000,1.000000,0.820000,0.100000,0.200000,0.563830
96,1.339625,1.387132,-1.429228,0.570479,0.014469,1.443182,0.360000,1.000000,0.700000,0.100000,-1.000000,0.570479
97,1.340573,1.381505,-1.414796,0.569261,0.002786,1.117949,0.380000,1.000000,0.680000,0.100000,-1.000000,0.569261
98,1.341485,1.375885,-1.403616,0.567876,-0.006964,0.790238,0.420000,1.000000,0.680000,0.100000,-1.000000,0.567876
99,1.342362,1.370274,-1.395714,0.566416,-0.014885,0.465529,0.440000,1.000000,0.660000,0.100000,-1.000000,0.566416
100,1.343202,1.364671,-1.391059,0.564956,-0.021100,0.148627,0.460000,1.000000,0.660000,0.100000,-1.000000,0.564956
101,1.344004,1.359074,-1.389572,0.563546,-0.025750,-0.156266,0.460000,1.000000,0.660000,0.100000,-1.000000,0.563546
102,1.344767,1.353485,-1.391135,0.562221,-0.028983,-0.445563,0.460000,1.000000,0.660000,0.100000,-1.000000,0.562221
103,1.345486,1.347901,-1.395591,0.560998,-0.030959,-0.716333,0.460000,1.000000,0.660000,0.100000,-1.000000,0.560998
104,1.346159,1.342323,-1.402754,0.559879,-0.031832,-0.966374,0.440000,1.000000,0.660000,0.100000,-1.000000,0.559879
105,1.346782,1.336750,-1.412418,0.558856,-0.031757,-1.194242,0.420000,1.000000,0.760000,0.100000,-0.400000,0.558856
106,1.347349,1.331181,-1.424360,0.563536,-0.031873,-1.441824,0.400000,1.000000,0.780000,0.100000,0.000000,0.563536
107,1.347856,1.325560,-1.438778,0.570968,-0.020902,-1.233314,0.380000,1.000000,0.800000,0.100000,0.000000,0.570968
108,1.348401,1.319872,-1.451112,0.578198,-0.012076,-1.049413,0.360000,1.000000,0.800000,0.100000,0.000000,0.578198
109,1.348971,1.314117,-1.461606,0.585296,-0.005099,-0.889671,0.340000,1.000000,0.820000,0.100000,0.200000,0.585296
110,1.349558,1.308294,-1.470502,0.591040,0.004985,-0.552915,0.340000,1.000000,0.840000,0.100000,0.200000,0.591040
111,1.350200,1.302418,-1.476032,0.596831,0.012601,-0.245252,0.320000,1.000000,0.840000,0.100000,0.200000,0.596831
112,1.350890,1.296488,-1.478484,0.602731,0.018012,0.031236,0.320000,1.000000,0.860000,0.100000,0.200000,0.602731
113,1.351625,1.290503,-1.478172,0.608764,0.021509,0.276526,0.340000,1.000000,0.840000,0.100000,0.200000,0.608764
114,1.352402,1.284462,-1.475406,0.614931,0.023378,0.491998,0.340000,1.000000,0.840000,0.100000,0.200000,0.614931
115,1.353221,1.278363,-1.470486,0.621215,0.023896,0.679866,0.340000,1.000000,0.840000,0.100000,0.200000,0.621215
116,1.354080,1.272206,-1.463688,0.627591,0.023309,0.842749,0.360000,1.000000,0.820000,0.100000,0.200000,0.627591
117,1.354983,1.265991,-1.455260,0.634031,0.021833,0.983387,0.380000,1.000000,0.800000,0.100000,0.000000,0.634031
118,1.355931,1.259718,-1.445426,0.641211,0.013769,0.852810,0.400000,1.000000,0.780000,0.100000,0.000000,0.641211
119,1.356869,1.253373,-1.436898,0.648293,0.007230,0.737078,0.420000,1.000000,0.780000,0.100000,0.000000,0.648293
120,1.357806,1.246958,-1.429528,0.655311,0.001991,0.635272,0.420000,1.000000,0.760000,0.100000,-0.400000,0.655311
121,1.358749,1.240473,-1.423175,0.658989,-0.008986,0.253717,0.440000,1.000000,0.760000,0.100000,-0.400000,0.658989
122,1.359629,1.233941,-1.420638,0.662737,-0.017311,-0.112900,0.460000,1.000000,0.740000,0.100000,-0.400000,0.662737
123,1.360449,1.227363,-1.421767,0.666630,-0.023168,-0.459402,0.460000,1.000000,0.740000,0.100000,-0.400000,0.666630
124,1.361210,1.220736,-1.426361,0.670707,-0.026771,-0.782042,0.440000,1.000000,0.760000,0.100000,-0.400000,0.670707
125,1.361911,1.214060,-1.434181,0.674972,-0.028350,-1.078426,0.440000,1.000000,0.760000,0.100000,-0.400000,0.674972
126,1.362549,1.207335,-1.444965,0.679403,-0.028144,-1.347395,0.420000,1.000000,0.780000,0.100000,0.000000,0.679403
127,1.363122,1.200559,-1.458439,0.686743,-0.016857,-1.181285,0.400000,1.000000,0.800000,0.100000,0.000000,0.686743
128,1.363725,1.193716,-1.470252,0.693902,-0.007582,-1.031423,0.380000,1.000000,0.820000,0.100000,0.200000,0.693902
129,1.364346,1.186804,-1.480566,0.699662,0.004582,-0.699157,0.360000,1.000000,0.820000,0.100000,0.200000,0.699662
130,1.365022,1.179840,-1.487558,0.705423,0.013884,-0.388157,0.360000,1.000000,0.840000,0.100000,0.200000,0.705423
131,1.365747,1.172822,-1.491440,0.711265,0.020578,-0.101699,0.360000,1.000000,0.840000,0.100000,0.200000,0.711265
132,1.366516,1.165748,-1.492457,0.717230,0.024949,0.158818,0.360000,1.000000,0.840000,0.100000,0.200000,0.717230
133,1.367326,1.158617,-1.490868,0.723330,0.027293,0.393362,0.360000,1.000000,0.840000,0.100000,0.200000,0.723330
134,1.368175,1.151429,-1.486935,0.729556,0.027900,0.602806,0.380000,1.000000,0.920000,0.100000,0.300000,0.729556
135,1.369065,1.144182,-1.480907,0.734861,0.029001,0.872336,0.380000,1.000000,0.820000,0.100000,0.200000,0.734861
136,1.370013,1.136890,-1.472183,0.741334,0.026204,1.027799,0.400000,1.000000,0.800000,0.100000,0.000000,0.741334
137,1.371004,1.129538,-1.461905,0.748556,0.016651,0.912513,0.420000,1.000000,0.780000,0.100000,0.000000,0.748556
138,1.371983,1.122115,-1.452780,0.755660,0.008671,0.807215,0.440000,1.000000,0.780000,0.100000,0.000000,0.755660
139,1.372959,1.114621,-1.444708,0.762681,0.002075,0.711835,0.460000,1.000000,0.760000,0.100000,-0.400000,0.762681
140,1.373938,1.107057,-1.437590,0.766353,-0.010188,0.332108,0.480000,1.000000,0.740000,0.100000,-0.400000,0.766353
141,1.374855,1.099448,-1.434269,0.770070,-0.019358,-0.037162,0.480000,1.000000,0.740000,0.100000,-0.400000,0.770070
142,1.375711,1.091793,-1.434640,0.773921,-0.025615,-0.390443,0.480000,1.000000,0.740000,0.100000,-0.400000,0.773921
143,1.376508,1.084091,-1.438545,0.777948,-0.029178,-0.723458,0.480000,1.000000,0.740000,0.100000,-0.400000,0.777948
144,1.377245,1.076340,-1.445779,0.782159,-0.030291,-1.033113,0.460000,1.000000,0.760000,0.100000,-0.400000,0.782159
145,1.377919,1.068542,-1.456110,0.786529,-0.029214,-1.317423,0.460000,1.000000,0.760000,0.100000,-0.400000,0.786529
146,1.378529,1.060695,-1.469285,0.791013,-0.026208,-1.575420,0.420000,1.000000,0.880000,0.100000,0.300000,0.791013
147,1.379070,1.052799,-1.485039,0.795968,-0.007081,-1.189054,0.400000,1.000000,0.900000,0.100000,0.300000,0.795968
148,1.379681,1.044863,-1.496929,0.800705,0.008428,-0.805538,0.400000,1.000000,1.000000,0.100000,0.500000,0.800705
149,1.380356,1.036884,-1.504985,0.803268,0.021299,-0.395856,0.380000,1.000000,1.000000,0.100000,0.500000,0.803268
150,1.381097,1.028882,-1.508943,0.805892,0.030788,0.006196,0.380000,1.000000,1.000000,0.100000,0.500000,0.805892
151,1.381903,1.020858,-1.508881,0.808678,0.037068,0.394541,0.380000,1.000000,1.000000,0.100000,0.500000,0.808678
152,1.382773,1.012810,-1.504936,0.811677,0.040355,0.764076,0.400000,1.000000,1.000000,0.100000,0.500000,0.811677
153,1.383710,1.004737,-1.497295,0.814898,0.040894,1.110658,0.400000,1.000000,1.000000,0.100000,0.500000,0.814898
154,1.384716,0.996640,-1.486189,0.818313,0.038956,1.431147,0.420000,1.000000,1.000000,0.100000,0.500000,0.818313
155,1.385796,0.988519,-1.471877,0.821865,0.034818,1.723450,0.420000,1.000000,0.860000,0.100000,0.200000,0.821865
156,1.386954,0.980375,-1.454643,0.828828,0.024422,1.801015,0.400000,1.000000,0.840000,0.100000,0.200000,0.828828
157,1.388157,0.972171,-1.436632,0.835573,0.014063,1.865831,0.400000,1.000000,0.800000,0.100000,0.000000,0.835573
158,1.389414,0.963909,-1.417974,0.842776,-0.002088,1.667834,0.380000,1.000000,0.780000,0.100000,0.000000,0.842776
159,1.390676,0.955576,-1.401296,0.849680,-0.015580,1.486489,0.420000,1.000000,0.680000,0.100000,-1.000000,0.849680
160,1.391956,0.947175,-1.386431,0.848009,-0.031088,1.134652,0.460000,1.000000,0.660000,0.100000,-1.000000,0.848009
161,1.393205,0.938782,-1.375084,0.846229,-0.043438,0.776200,0.500000,1.000000,0.640000,0.100000,-1.000000,0.846229
162,1.394425,0.930396,-1.367322,0.844477,-0.052702,0.416953,0.540000,1.000000,0.620000,0.100000,-1.000000,0.844477
163,1.395615,0.922019,-1.363153,0.842855,-0.058998,0.062266,0.560000,1.000000,0.620000,0.100000,-1.000000,0.842855
164,1.396775,0.913650,-1.362530,0.841428,-0.062480,-0.282846,0.560000,1.000000,0.620000,0.100000,-1.000000,0.841428
165,1.397904,0.905289,-1.365359,0.840225,-0.063339,-0.613658,0.560000,1.000000,0.620000,0.100000,-1.000000,0.840225
166,1.398998,0.896934,-1.371495,0.839242,-0.061796,-0.925779,0.540000,1.000000,0.620000,0.100000,-1.000000,0.839242
167,1.400053,0.888585,-1.380753,0.838449,-0.058097,-1.215278,0.520000,1.000000,0.640000,0.100000,-1.000000,0.838449
168,1.401067,0.880242,-1.392906,0.837795,-0.052505,-1.478875,0.480000,1.000000,0.720000,0.100000,-0.400000,0.837795
169,1.402033,0.871903,-1.407695,0.842811,-0.046351,-1.759419,0.460000,1.000000,0.740000,0.100000,-0.400000,0.842811
170,1.402944,0.863512,-1.425289,0.847875,-0.038362,-2.008531,0.420000,1.000000,0.760000,0.100000,-0.400000,0.847875
171,1.403794,0.855067,-1.445374,0.852884,-0.028838,-2.227216,0.380000,1.000000,0.880000,0.100000,0.300000,0.852884
172,1.404574,0.846569,-1.467646,0.858012,-0.003675,-1.802671,0.360000,1.000000,1.000000,0.100000,0.500000,0.858012
173,1.405421,0.838031,-1.485673,0.860603,0.017708,-1.351972,0.340000,1.000000,1.000000,0.100000,0.500000,0.860603
174,1.406329,0.829471,-1.499193,0.862971,0.034877,-0.896688,0.320000,1.000000,1.000000,0.100000,0.500000,0.862971
175,1.407295,0.820888,-1.508160,0.865353,0.047920,-0.444853,0.320000,0.980000,1.000000,0.100000,0.500000,0.865353
176,1.408315,0.812282,-1.512608,0.867921,0.056987,-0.003377,0.320000,0.980000,1.000000,0.100000,0.500000,0.867921
177,1.409388,0.803650,-1.512642,0.870783,0.062285,0.421759,0.320000,0.980000,1.000000,0.100000,0.500000,0.870783
178,1.410516,0.794993,-1.508424,0.873982,0.064071,0.825383,0.320000,0.960000,1.000000,0.100000,0.500000,0.873982
179,1.411700,0.786311,-1.500170,0.877507,0.062643,1.203111,0.340000,0.960000,1.000000,0.100000,0.500000,0.877507
180,1.412944,0.777602,-1.488139,0.881299,0.058325,1.551416,0.360000,1.000000,1.000000,0.100000,0.500000,0.881299
181,1.414253,0.768867,-1.472625,0.885269,0.051457,1.867772,0.380000,1.000000,1.000000,0.100000,0.500000,0.885269
182,1.415633,0.760107,-1.453947,0.889304,0.042380,2.150791,0.420000,1.000000,1.000000,0.100000,0.500000,0.889304
183,1.417091,0.751324,-1.432440,0.893281,0.031423,2.400291,0.460000,1.000000,0.920000,0.100000,0.300000,0.893281
184,1.418634,0.742520,-1.408437,0.899444,0.016702,2.523602,0.500000,1.000000,0.800000,0.100000,0.000000,0.899444
185,1.420253,0.733671,-1.383201,0.906796,-0.006536,2.277461,0.480000,1.000000,0.680000,0.100000,-1.000000,0.906796
186,1.421880,0.724750,-1.360426,0.905188,-0.029658,1.905085,0.480000,1.000000,0.660000,0.100000,-1.000000,0.905188
187,1.423480,0.715836,-1.341375,0.903176,-0.049021,1.516368,0.500000,1.000000,0.640000,0.100000,-1.000000,0.903176
188,1.425056,0.706929,-1.326211,0.901000,-0.064622,1.118152,0.580000,1.000000,0.620000,0.100000,-1.000000,0.901000
189,1.426611,0.698031,-1.315030,0.898861,-0.076513,0.716455,0.620000,1.000000,0.600000,0.100000,-1.000000,0.898861
190,1.428145,0.689141,-1.307865,0.896910,-0.084794,0.316775,0.600000,1.000000,0.600000,0.100000,-1.000000,0.896910
191,1.429657,0.680260,-1.304698,0.895254,-0.089608,-0.075676,0.600000,1.000000,0.600000,0.100000,-1.000000,0.895254
192,1.431147,0.671387,-1.305454,0.893946,-0.091141,-0.455804,0.580000,1.000000,0.600000,0.100000,-1.000000,0.893946
193,1.432612,0.662521,-1.310012,0.892997,-0.089621,-0.818575,0.580000,1.000000,0.600000,0.100000,-1.000000,0.892997
194,1.434048,0.653662,-1.318198,0.892373,-0.085314,-1.159081,0.580000,1.000000,0.600000,0.100000,-1.000000,0.892373
195,1.435453,0.644808,-1.329789,0.892011,-0.078519,-1.472743,0.560000,1.000000,0.600000,0.100000,-1.000000,0.892011
196,1.436819,0.635958,-1.344516,0.891818,-0.069560,-1.755619,0.560000,1.000000,0.700000,0.100000,-1.000000,0.891818
197,1.438142,0.627111,-1.362073,0.891689,-0.058776,-2.004764,0.520000,1.000000,0.700000,0.100000,-1.000000,0.891689
198,1.439415,0.618266,-1.382120,0.891514,-0.046503,-2.218511,0.460000,1.000000,0.800000,0.100000,0.000000,0.891514
199,1.440630,0.609422,-1.404305,0.899477,-0.024113,-2.013632,0.400000,1.000000,0.920000,0.100000,0.300000,0.899477
200,1.441883,0.600512,-1.424442,0.904487,0.000193,-1.603652,0.380000,1.000000,0.940000,0.100000,0.400000,0.904487
201,1.443204,0.591564,-1.440478,0.908061,0.020666,-1.168968,0.380000,1.000000,1.000000,0.100000,0.500000,0.908061
202,1.444589,0.582587,-1.452168,0.910444,0.036994,-0.726409,0.360000,1.000000,1.000000,0.100000,0.500000,0.910444
203,1.446034,0.573591,-1.459432,0.912882,0.049114,-0.287729,0.360000,1.000000,1.000000,0.100000,0.500000,0.912882
204,1.447536,0.564573,-1.462309,0.915529,0.057186,0.140429,0.360000,1.000000,1.000000,0.100000,0.500000,0.915529
205,1.449096,0.555533,-1.460905,0.918470,0.061425,0.552298,0.340000,1.000000,1.000000,0.100000,0.500000,0.918470
206,1.450714,0.546471,-1.455382,0.921734,0.062096,0.942892,0.360000,1.000000,1.000000,0.100000,0.500000,0.921734
207,1.452392,0.537387,-1.445953,0.925293,0.059500,1.307996,0.380000,1.000000,1.000000,0.100000,0.500000,0.925293
208,1.454135,0.528280,-1.432873,0.929078,0.053970,1.644244,0.400000,1.000000,1.000000,0.100000,0.500000,0.929078
209,1.455947,0.519152,-1.416431,0.932989,0.045848,1.949257,0.440000,1.000000,1.000000,0.100000,0.500000,0.932989
210,1.457834,0.510003,-1.396938,0.936907,0.035479,2.221773,0.460000,1.000000,0.880000,0.100000,0.300000,0.936907
211,1.459804,0.500837,-1.374720,0.943057,0.021086,2.371480,0.460000,1.000000,0.840000,0.100000,0.200000,0.943057
212,1.461849,0.491628,-1.351006,0.949859,0.003810,2.404170,0.440000,1.000000,0.740000,0.100000,-0.400000,0.949859
213,1.463957,0.482366,-1.326964,0.953457,-0.024504,1.931650,0.500000,1.000000,0.700000,0.100000,-1.000000,0.953457
214,1.466021,0.473054,-1.307647,0.951527,-0.045313,1.556124,0.600000,1.000000,0.680000,0.100000,-1.000000,0.951527
215,1.468058,0.463749,-1.292086,0.949380,-0.062248,1.168575,0.580000,1.000000,0.600000,0.100000,-1.000000,0.949380
216,1.470072,0.454450,-1.280400,0.947225,-0.075335,0.775272,0.580000,1.000000,0.580000,0.100000,-1.000000,0.947225
217,1.472062,0.445159,-1.272648,0.945227,-0.084653,0.381883,0.560000,1.000000,0.580000,0.100000,-1.000000,0.945227
218,1.474030,0.435875,-1.268829,0.943504,-0.090328,-0.006279,0.560000,1.000000,0.580000,0.100000,-1.000000,0.943504
219,1.475973,0.426598,-1.268892,0.942122,-0.092533,-0.384078,0.560000,1.000000,0.560000,0.100000,-1.000000,0.942122
220,1.477891,0.417328,-1.272732,0.941100,-0.091483,-0.746464,0.540000,1.000000,0.640000,0.100000,-1.000000,0.941100
221,1.479780,0.408063,-1.280197,0.940414,-0.087436,-1.088500,0.540000,1.000000,0.640000,0.100000,-1.000000,0.940414
222,1.481637,0.398803,-1.291082,0.940001,-0.080686,-1.405503,0.540000,1.000000,0.640000,0.100000,-1.000000,0.940001
223,1.483457,0.389545,-1.305137,0.939772,-0.071557,-1.693321,0.520000,1.000000,0.660000,0.100000,-1.000000,0.939772
224,1.485234,0.380289,-1.322070,0.939621,-0.060395,-1.948662,0.520000,1.000000,0.740000,0.100000,-0.400000,0.939621
225,1.486961,0.371034,-1.341557,0.945082,-0.048473,-2.208829,0.520000,1.000000,0.760000,0.100000,-0.400000,0.945082
226,1.488637,0.361720,-1.363645,0.950405,-0.034796,-2.436193,0.500000,1.000000,0.860000,0.100000,0.200000,0.950405
227,1.490251,0.352348,-1.388007,0.956733,-0.006140,-2.053100,0.440000,1.000000,0.900000,0.100000,0.300000,0.956733
228,1.491930,0.342928,-1.408538,0.961438,0.018934,-1.624965,0.400000,1.000000,0.920000,0.100000,0.300000,0.961438
229,1.493670,0.333471,-1.424788,0.965836,0.039237,-1.197739,0.380000,1.000000,0.940000,0.100000,0.400000,0.965836
230,1.495463,0.323972,-1.436765,0.969102,0.055672,-0.745789,0.360000,1.000000,0.960000,0.100000,0.400000,0.969102
231,1.497310,0.314443,-1.444223,0.972533,0.067462,-0.303313,0.360000,1.000000,0.980000,0.100000,0.500000,0.972533
232,1.499207,0.304880,-1.447256,0.975158,0.075288,0.143908,0.360000,1.000000,0.980000,0.100000,0.500000,0.975158
233,1.501156,0.295296,-1.445817,0.978171,0.078845,0.574395,0.380000,1.000000,0.980000,0.100000,0.500000,0.978171
234,1.503157,0.285689,-1.440073,0.981591,0.078418,0.983118,0.400000,1.000000,0.960000,0.100000,0.400000,0.981591
235,1.505214,0.276059,-1.430242,0.986552,0.073640,1.335891,0.420000,1.000000,0.940000,0.100000,0.400000,0.986552
236,1.507325,0.266394,-1.416883,0.991752,0.065828,1.658648,0.440000,1.000000,0.920000,0.100000,0.300000,0.991752
237,1.509496,0.256694,-1.400297,0.998248,0.053885,1.886390,0.420000,1.000000,0.880000,0.100000,0.300000,0.998248
238,1.511721,0.246948,-1.381433,1.004629,0.040354,2.086833,0.420000,1.000000,0.840000,0.100000,0.200000,1.004629
239,1.514009,0.237157,-1.360564,1.011791,0.023284,2.165068,0.400000,1.000000,0.820000,0.100000,0.200000,1.011791
240,1.516348,0.227311,-1.338914,1.018531,0.006318,2.229673,0.460000,1.000000,0.780000,0.100000,0.000000,1.018531
241,1.518750,0.217413,-1.316617,1.025584,-0.016319,2.032285,0.500000,1.000000,0.760000,0.100000,-0.400000,1.025584
242,1.521171,0.207445,-1.296294,1.028835,-0.042372,1.566308,0.500000,1.000000,0.740000,0.100000,-0.400000,1.028835
243,1.523552,0.197427,-1.280631,1.031871,-0.063125,1.097679,0.480000,1.000000,0.640000,0.100000,-1.000000,1.031871
244,1.525899,0.187359,-1.269654,1.029736,-0.076719,0.717758,0.480000,1.000000,0.640000,0.100000,-1.000000,1.029736
245,1.528221,0.177298,-1.262477,1.027757,-0.086335,0.336508,0.560000,1.000000,0.620000,0.100000,-1.000000,1.027757
246,1.530517,0.167243,-1.259112,1.026051,-0.092086,-0.040695,0.580000,1.000000,0.620000,0.100000,-1.000000,1.026051
247,1.532787,0.157194,-1.259519,1.024684,-0.094138,-0.408690,0.580000,1.000000,0.680000,0.100000,-1.000000,1.024684
248,1.535029,0.147152,-1.263605,1.023672,-0.092703,-0.762432,0.560000,1.000000,0.680000,0.100000,-1.000000,1.023672
249,1.537241,0.137114,-1.271230,1.022990,-0.088036,-1.097007,0.560000,1.000000,0.680000,0.100000,-1.000000,1.022990
250,1.539419,0.127080,-1.282200,1.022570,-0.080437,-1.407755,0.540000,1.000000,0.700000,0.100000,-1.000000,1.022570
251,1.541558,0.117048,-1.296277,1.022318,-0.070239,-1.690503,0.460000,1.000000,0.700000,0.100000,-1.000000,1.022318
252,1.543653,0.107017,-1.313182,1.022119,-0.057801,-1.941874,0.420000,1.000000,0.720000,0.100000,-0.400000,1.022119
253,1.545698,0.096986,-1.332601,1.027440,-0.044579,-2.206059,0.420000,1.000000,0.740000,0.100000,-0.400000,1.027440
254,1.547689,0.086896,-1.354662,1.032588,-0.029342,-2.438260,0.400000,1.000000,0.760000,0.100000,-0.400000,1.032588
255,1.549617,0.076748,-1.379044,1.037420,-0.012434,-2.639596,0.400000,1.000000,0.780000,0.100000,0.000000,1.037420
256,1.551472,0.066540,-1.405440,1.044657,0.015156,-2.413428,0.380000,1.000000,0.820000,0.100000,0.200000,1.044657
257,1.553341,0.056261,-1.429575,1.049926,0.043705,-2.002217,0.380000,1.000000,0.860000,0.100000,0.200000,1.049926
258,1.555252,0.045928,-1.449597,1.054825,0.066986,-1.601606,0.380000,1.000000,0.880000,0.100000,0.300000,1.054825
259,1.557192,0.035538,-1.465613,1.058634,0.086851,-1.148269,0.360000,1.000000,0.880000,0.100000,0.300000,1.058634
260,1.559167,0.025101,-1.477095,1.062665,0.101396,-0.709767,0.360000,1.000000,0.880000,0.100000,0.300000,1.062665
261,1.561171,0.014616,-1.484193,1.067106,0.110904,-0.290272,0.360000,1.000000,0.860000,0.100000,0.200000,1.067106
262,1.563199,0.004081,-1.487096,1.073069,0.113498,0.012739,0.340000,1.000000,0.860000,0.100000,0.200000,1.073069
263,1.565227,-0.006517,-1.486968,1.079423,0.112788,0.294284,0.340000,1.000000,0.840000,0.100000,0.200000,1.079423
264,1.567255,-0.017179,-1.484026,1.086128,0.109141,0.555082,0.320000,1.000000,0.840000,0.100000,0.200000,1.086128
265,1.569283,-0.027905,-1.478475,1.093122,0.102906,0.795697,0.320000,1.000000,0.820000,0.100000,0.200000,1.093122
266,1.571316,-0.038695,-1.470518,1.100327,0.094412,1.016508,0.300000,1.000000,0.820000,0.100000,0.200000,1.100327
267,1.573357,-0.049548,-1.460353,1.107657,0.083970,1.217769,0.300000,1.000000,0.820000,0.100000,0.200000,1.107657
268,1.575412,-0.060465,-1.448175,1.115022,0.071874,1.399715,0.280000,1.000000,0.800000,0.100000,0.000000,1.115022
269,1.577489,-0.071443,-1.434178,1.122922,0.052476,1.309442,0.300000,1.000000,0.800000,0.100000,0.000000,1.122922
270,1.579539,-0.082497,-1.421084,1.130501,0.035056,1.219070,0.340000,1.000000,0.800000,0.100000,0.000000,1.130501
271,1.581571,-0.093623,-1.408893,1.137819,0.019529,1.130099,0.360000,1.000000,0.780000,0.100000,0.000000,1.137819
272,1.583598,-0.104821,-1.397592,1.144930,0.005790,1.043657,0.380000,1.000000,0.760000,0.100000,-0.400000,1.144930
273,1.585628,-0.116089,-1.387155,1.148579,-0.013108,0.668446,0.360000,1.000000,0.740000,0.100000,-0.400000,1.148579
274,1.587597,-0.127405,-1.380471,1.152160,-0.027357,0.292155,0.360000,1.000000,0.740000,0.100000,-0.400000,1.152160
275,1.589508,-0.138771,-1.377549,1.155824,-0.037067,-0.078968,0.340000,1.000000,0.720000,0.100000,-0.400000,1.155824
276,1.591364,-0.150185,-1.378339,1.159662,-0.042418,-0.439603,0.340000,1.000000,0.720000,0.100000,-0.400000,1.159662
277,1.593166,-0.161649,-1.382735,1.163711,-0.043647,-0.785268,0.320000,1.000000,0.720000,0.100000,-0.400000,1.163711
278,1.594913,-0.173162,-1.390588,1.167957,-0.041040,-1.112237,0.320000,1.000000,0.720000,0.100000,-0.400000,1.167957
279,1.596602,-0.184726,-1.401710,1.172340,-0.034915,-1.417502,0.300000,1.000000,0.720000,0.100000,-0.400000,1.172340
280,1.598231,-0.196341,-1.415885,1.176771,-0.025614,-1.698779,0.300000,1.000000,0.700000,0.100000,-1.000000,1.176771
281,1.599793,-0.208007,-1.432873,1.175756,-0.011855,-1.884692,0.280000,1.000000,0.700000,0.100000,-1.000000,1.175756
282,1.601292,-0.219670,-1.451720,1.174525,0.003505,-2.043205,0.280000,1.000000,0.720000,0.100000,-0.400000,1.174525
283,1.602723,-0.231327,-1.472152,1.178313,0.018338,-2.250891,0.280000,1.000000,0.740000,0.100000,-0.400000,1.178313
284,1.604065,-0.243035,-1.494661,1.181727,0.035059,-2.434350,0.260000,1.000000,0.780000,0.100000,0.000000,1.181727
285,1.605314,-0.254792,-1.519004,1.187755,0.061623,-2.242121,0.260000,1.000000,0.780000,0.100000,0.000000,1.187755
286,1.606544,-0.266621,-1.541425,1.193253,0.084760,-2.063951,0.240000,1.000000,0.780000,0.100000,0.000000,1.193253
287,1.607742,-0.278524,-1.562065,1.198382,0.104804,-1.899929,0.240000,1.000000,0.800000,0.100000,0.000000,1.198382
288,1.608895,-0.290498,-1.581064,1.203268,0.122076,-1.749281,0.240000,1.000000,0.840000,0.100000,0.200000,1.203268
289,1.609992,-0.302543,-1.598557,1.207201,0.142674,-1.362728,0.220000,1.000000,0.860000,0.100000,0.200000,1.207201
290,1.611083,-0.314650,-1.612184,1.211458,0.157881,-0.998093,0.220000,1.000000,0.840000,0.100000,0.200000,1.211458
291,1.612159,-0.326819,-1.622165,1.216196,0.168124,-0.655257,0.200000,1.000000,0.820000,0.100000,0.200000,1.216196
292,1.613214,-0.339051,-1.628718,1.221498,0.173829,-0.333096,0.200000,1.000000,0.820000,0.100000,0.200000,1.221498
293,1.614242,-0.351346,-1.632049,1.227389,0.175404,-0.030136,0.180000,1.000000,0.820000,0.100000,0.200000,1.227389
294,1.615241,-0.363705,-1.632350,1.233850,0.173228,0.255019,0.180000,1.000000,0.820000,0.100000,0.200000,1.233850
295,1.616211,-0.376126,-1.629800,1.240829,0.167653,0.523436,0.160000,1.000000,0.800000,0.100000,0.000000,1.240829
296,1.617153,-0.388612,-1.624566,1.248575,0.153188,0.526766,0.160000,1.000000,0.780000,0.100000,0.000000,1.248575
297,1.618012,-0.401162,-1.619298,1.256249,0.139271,0.527320,0.160000,1.000000,0.780000,0.100000,0.000000,1.256249
298,1.618794,-0.413777,-1.614025,1.263849,0.125935,0.525076,0.160000,1.000000,0.760000,0.100000,-0.400000,1.263849
299,1.619506,-0.426458,-1.608774,1.267883,0.108247,0.308076,0.160000,1.000000,0.740000,0.100000,-0.400000,1.267883
300,1.620106,-0.439169,-1.605693,1.271629,0.093638,0.082636,0.160000,1.000000,0.740000,0.100000,-0.400000,1.271629
301,1.620598,-0.451910,-1.604867,1.275155,0.082153,-0.147680,0.160000,1.000000,0.740000,0.100000,-0.400000,1.275155
302,1.620985,-0.464682,-1.606344,1.278517,0.073784,-0.379343,0.160000,1.000000,0.740000,0.100000,-0.400000,1.278517
303,1.621268,-0.477486,-1.610137,1.281750,0.068478,-0.609019,0.160000,1.000000,0.740000,0.100000,-0.400000,1.281750
304,1.621448,-0.490320,-1.616227,1.284871,0.066140,-0.833680,0.160000,1.000000,0.760000,0.100000,-0.400000,1.284871
305,1.621525,-0.503186,-1.624564,1.287876,0.066637,-1.050681,0.160000,1.000000,0.760000,0.100000,-0.400000,1.287876
306,1.621498,-0.516082,-1.635071,1.290746,0.069809,-1.257808,0.160000,1.000000,0.740000,0.100000,-0.400000,1.290746
307,1.621366,-0.529007,-1.647649,1.293444,0.075476,-1.453306,0.140000,1.000000,0.740000,0.100000,-0.400000,1.293444
308,1.621126,-0.541962,-1.662182,1.295922,0.083441,-1.635882,0.140000,1.000000,0.720000,0.100000,-0.400000,1.295922
309,1.620774,-0.554943,-1.678541,1.298126,0.093499,-1.804702,0.140000,1.000000,0.780000,0.100000,0.000000,1.298126
310,1.620307,-0.567949,-1.696588,1.303294,0.112267,-1.667499,0.140000,1.000000,0.780000,0.100000,0.000000,1.303294
311,1.619786,-0.581020,-1.713263,1.308277,0.128548,-1.539960,0.120000,1.000000,0.760000,0.100000,-0.400000,1.308277
312,1.619201,-0.594153,-1.728662,1.309766,0.136532,-1.680220,0.120000,1.000000,0.780000,0.100000,0.000000,1.309766
313,1.618490,-0.607302,-1.745465,1.314325,0.152122,-1.554670,0.120000,1.000000,0.780000,0.100000,0.000000,1.314325
314,1.617704,-0.620510,-1.761011,1.318813,0.165540,-1.438171,0.120000,1.000000,0.760000,0.100000,-0.400000,1.318813
315,1.616836,-0.633773,-1.775393,1.319830,0.171639,-1.558923,0.120000,1.000000,0.760000,0.100000,-0.400000,1.319830
316,1.615835,-0.647045,-1.790982,1.320547,0.179184,-1.672615,0.100000,1.000000,0.780000,0.100000,0.000000,1.320547
317,1.614700,-0.660323,-1.807708,1.324401,0.193302,-1.554721,0.100000,0.980000,0.760000,0.100000,-0.400000,1.324401
318,1.613470,-0.673651,-1.823256,1.324755,0.200485,-1.657135,0.100000,0.220000,0.760000,0.100000,0.000000,1.324755
319,1.612103,-0.686979,-1.839827,1.328283,0.213758,-1.544436,0.100000,0.200000,0.820000,0.100000,0.200000,1.328283
320,1.610633,-0.700352,-1.855271,1.331388,0.231054,-1.187638,0.100000,0.180000,0.820000,0.100000,0.200000,1.331388
321,1.609114,-0.713780,-1.867148,1.335167,0.243004,-0.852823,0.080000,0.180000,0.800000,0.100000,0.100000,1.335167
322,1.607539,-0.727259,-1.875676,1.340131,0.247033,-0.667355,0.080000,0.160000,0.780000,0.100000,0.100000,1.340131
323,1.605873,-0.740784,-1.882349,1.345537,0.248473,-0.491599,0.080000,0.160000,0.780000,0.100000,0.100000,1.345537
324,1.604113,-0.754353,-1.887265,1.351381,0.247535,-0.324220,0.080000,0.140000,0.760000,0.100000,0.000000,1.351381
325,1.602260,-0.767966,-1.890508,1.357423,0.241780,-0.276218,0.080000,0.140000,0.760000,0.100000,0.000000,1.357423
326,1.600289,-0.781612,-1.893270,1.363597,0.235593,-0.229910,0.080000,0.140000,0.740000,0.100000,0.000000,1.363597
327,1.598202,-0.795292,-1.895569,1.369897,0.229010,-0.185342,0.080000,0.940000,0.740000,0.100000,-0.100000,1.369897
328,1.596001,-0.809006,-1.897422,1.375658,0.220123,-0.225660,0.060000,0.240000,0.720000,0.100000,0.000000,1.375658
329,1.593672,-0.822741,-1.899679,1.382000,0.214054,-0.181018,0.060000,0.920000,0.720000,0.100000,0.000000,1.382000
330,1.591234,-0.836512,-1.901489,1.388449,0.207610,-0.138433,0.060000,0.900000,0.700000,0.100000,-0.200000,1.388449
331,1.588690,-0.850318,-1.902873,1.393470,0.197487,-0.240960,0.060000,0.900000,0.680000,0.100000,-0.200000,1.393470
332,1.586014,-0.864135,-1.905283,1.398324,0.189027,-0.344660,0.060000,0.880000,0.720000,0.100000,0.000000,1.398324
333,1.583209,-0.877964,-1.908730,1.404505,0.185821,-0.294725,0.060000,0.880000,0.700000,0.100000,-0.200000,1.404505
334,1.580305,-0.891831,-1.911677,1.409309,0.178450,-0.402436,0.040000,0.860000,0.700000,0.100000,-0.100000,1.409309
335,1.577276,-0.905710,-1.915701,1.414844,0.174243,-0.447256,0.040000,0.860000,0.680000,0.100000,-0.100000,1.414844
336,1.574132,-0.919614,-1.920174,1.420326,0.170835,-0.491386,0.100000,0.840000,0.680000,0.100000,-0.100000,1.420326
337,1.570875,-0.933544,-1.925088,1.425753,0.168196,-0.534636,0.100000,0.840000,0.660000,0.100000,-0.100000,1.425753
338,1.567506,-0.947500,-1.930434,1.431125,0.166295,-0.576839,0.100000,0.820000,0.660000,0.100000,-0.100000,1.431125
339,1.564026,-0.961481,-1.936202,1.436441,0.165098,-0.617851,0.080000,0.820000,0.640000,0.100000,-0.300000,1.436441
340,1.560435,-0.975487,-1.942381,1.439811,0.162141,-0.761528,0.080000,0.800000,0.660000,0.100000,-0.100000,1.439811
341,1.556718,-0.989491,-1.949996,1.444864,0.163787,-0.795593,0.080000,0.800000,0.660000,0.100000,-0.100000,1.444864
342,1.552891,-1.003519,-1.957952,1.449848,0.165925,-0.828024,0.080000,0.780000,0.640000,0.100000,-0.200000,1.449848
343,1.548954,-1.017571,-1.966232,1.453886,0.166918,-0.927379,0.060000,0.780000,0.640000,0.100000,-0.200000,1.453886
344,1.544893,-1.031631,-1.975506,1.457753,0.169348,-1.022837,0.060000,0.760000,0.620000,0.100000,-0.200000,1.457753
345,1.540710,-1.045698,-1.985735,1.461437,0.173130,-1.114033,0.060000,0.760000,0.620000,0.100000,-0.200000,1.461437
346,1.536403,-1.059770,-1.996875,1.464921,0.178176,-1.200701,0.100000,0.740000,0.600000,0.100000,-0.300000,1.464921
347,1.531971,-1.073846,-2.008882,1.467176,0.183512,-1.320475,0.100000,0.740000,0.600000,0.100000,-0.300000,1.467176
348,1.527409,-1.087911,-2.022087,1.469144,0.190490,-1.434123,0.100000,0.740000,0.580000,0.100000,-0.300000,1.469144
349,1.522716,-1.101962,-2.036428,1.470796,0.198993,-1.541278,0.080000,0.720000,0.620000,0.100000,-0.200000,1.470796
350,1.517890,-1.115997,-2.051841,1.473117,0.209752,-1.605459,0.080000,0.720000,0.600000,0.100000,-0.300000,1.473117
351,1.512933,-1.130027,-2.067895,1.474110,0.220435,-1.699870,0.080000,0.720000,0.600000,0.100000,-0.300000,1.474110
352,1.507841,-1.144036,-2.084894,1.474710,0.232313,-1.787713,0.120000,0.700000,0.580000,0.100000,-0.300000,1.474710
353,1.502612,-1.158019,-2.102771,1.474890,0.245277,-1.869102,0.120000,0.700000,0.580000,0.100000,-0.300000,1.474890
354,1.497245,-1.171974,-2.121462,1.474622,0.259220,-1.944240,0.100000,0.740000,0.560000,0.100000,-0.300000,1.474622
355,1.491738,-1.185896,-2.140905,1.473882,0.274038,-2.013396,0.100000,0.740000,0.560000,0.100000,-0.300000,1.473882
356,1.486090,-1.199783,-2.161038,1.472647,0.289636,-2.076893,0.100000,0.740000,0.540000,0.100000,-0.400000,1.472647
357,1.480300,-1.213630,-2.181807,1.469879,0.305731,-2.143270,0.080000,0.720000,0.540000,0.100000,-0.400000,1.469879
358,1.474372,-1.227423,-2.203240,1.466559,0.322551,-2.203523,0.080000,0.720000,0.580000,0.100000,-0.300000,1.466559
359,1.468304,-1.241159,-2.225275,1.463679,0.340139,-2.251923,0.080000,0.720000,0.560000,0.100000,-0.300000,1.463679
360,1.462093,-1.254842,-2.247795,1.460228,0.358170,-2.296172,0.060000,0.720000,0.560000,0.100000,-0.300000,1.460228
361,1.455737,-1.268468,-2.270756,1.456195,0.376577,-2.336655,0.100000,0.720000,0.540000,0.100000,-0.400000,1.456195
362,1.449236,-1.282031,-2.294123,1.450570,0.395229,-2.376733,0.100000,0.720000,0.540000,0.100000,-0.400000,1.450570
363,1.442598,-1.295521,-2.317890,1.444337,0.414180,-2.412699,0.180000,0.720000,0.540000,0.100000,-0.400000,1.444337
364,1.435822,-1.308932,-2.342017,1.437491,0.433361,-2.444930,1.000000,0.720000,0.520000,0.100000,-0.400000,1.437491
365,1.428910,-1.322260,-2.366466,1.430031,0.452708,-2.473786,1.000000,0.720000,0.520000,0.100000,-0.400000,1.430031
366,1.421863,-1.335501,-2.391204,1.421955,0.472163,-2.499606,1.000000,0.740000,0.520000,0.100000,-0.400000,1.421955
367,1.414682,-1.348652,-2.416200,1.413265,0.491672,-2.522704,1.000000,0.740000,0.520000,0.100000,-0.400000,1.413265
368,1.407370,-1.361707,-2.441427,1.403964,0.511184,-2.543371,1.000000,0.740000,0.500000,0.100000,-0.500000,1.403964
369,1.399927,-1.374662,-2.466861,1.393110,0.530926,-2.550292,1.000000,0.740000,0.500000,0.100000,-0.500000,1.393110
370,1.392365,-1.387511,-2.492364,1.381711,0.550408,-2.554834,1.000000,0.760000,0.500000,0.100000,-0.500000,1.381711
371,1.384687,-1.400248,-2.517912,1.369785,0.569590,-2.557262,1.000000,0.760000,0.540000,0.100000,-0.400000,1.369785
372,1.376894,-1.412872,-2.543485,1.358286,0.588132,-2.570722,1.000000,0.780000,0.540000,0.100000,-0.400000,1.358286
373,1.368981,-1.425380,-2.569192,1.346228,0.606495,-2.582895,1.000000,0.780000,0.540000,0.100000,-0.400000,1.346228
374,1.360950,-1.437770,-2.595021,1.333618,0.624650,-2.593939,1.000000,0.800000,0.540000,0.100000,-0.400000,1.333618
375,1.352803,-1.450038,-2.620961,1.320464,0.642570,-2.603995,1.000000,0.820000,0.540000,0.100000,-1.000000,1.320464
376,1.344544,-1.462181,-2.647001,1.302147,0.663815,-2.459801,1.000000,0.840000,0.540000,0.100000,-1.000000,1.302147
377,1.336234,-1.474205,-2.671599,1.284238,0.682675,-2.314068,1.000000,0.860000,0.540000,0.100000,-1.000000,1.284238
378,1.327876,-1.486107,-2.694739,1.266864,0.699196,-2.167073,1.000000,0.860000,0.520000,0.100000,-1.000000,1.266864
379,1.319473,-1.497887,-2.716410,1.250139,0.713432,-2.019046,1.000000,0.880000,0.520000,0.100000,-1.000000,1.250139
380,1.311027,-1.509543,-2.736600,1.234165,0.725437,-1.870178,1.000000,0.900000,0.520000,0.100000,-1.000000,1.234165
381,1.302542,-1.521073,-2.755302,1.219033,0.735269,-1.720629,1.000000,0.920000,0.520000,0.100000,-1.000000,1.219033
382,1.294020,-1.532477,-2.772508,1.204820,0.742985,-1.570535,1.000000,0.940000,0.520000,0.100000,-1.000000,1.204820
383,1.285464,-1.543753,-2.788214,1.191592,0.748639,-1.420016,1.000000,0.940000,0.520000,0.100000,-1.000000,1.191592
384,1.276875,-1.554901,-2.802414,1.179405,0.752285,-1.269175,1.000000,0.960000,0.500000,0.100000,-1.000000,1.179405
385,1.268256,-1.565919,-2.815106,1.168305,0.753975,-1.118109,1.000000,0.960000,0.500000,0.100000,-1.000000,1.168305
386,1.259608,-1.576807,-2.826287,1.158324,0.753756,-0.966903,1.000000,0.980000,0.500000,0.100000,-1.000000,1.158324
387,1.250933,-1.587565,-2.835956,1.149487,0.751674,-0.815643,1.000000,0.980000,0.480000,0.100000,-1.000000,1.149487
388,1.242233,-1.598192,-2.844112,1.141810,0.747768,-0.664413,1.000000,0.980000,0.480000,0.100000,-1.000000,1.141810
389,1.233508,-1.608689,-2.850756,1.135296,0.742076,-0.513299,1.000000,0.960000,0.460000,0.100000,-1.000000,1.135296
390,1.224760,-1.619053,-2.855889,1.129944,0.734629,-0.362392,1.000000,0.940000,0.460000,0.100000,-1.000000,1.129944
391,1.215989,-1.629286,-2.859513,1.125739,0.725455,-0.211793,1.000000,0.940000,0.440000,0.100000,-1.000000,1.125739
392,1.207196,-1.639388,-2.861631,1.122661,0.714580,-0.061617,1.000000,0.900000,0.440000,0.100000,-1.000000,1.122661
393,1.198381,-1.649357,-2.862247,1.120679,0.702023,0.088004,1.000000,0.880000,0.420000,0.100000,-1.000000,1.120679
394,1.189544,-1.659195,-2.861367,1.119756,0.687803,0.236916,1.000000,0.860000,0.400000,0.100000,-1.000000,1.119756
395,1.180686,-1.668902,-2.858998,1.119844,0.671935,0.384930,1.000000,0.820000,0.400000,0.100000,-1.000000,1.119844
396,1.171805,-1.678478,-2.855149,1.120889,0.654431,0.531820,1.000000,0.780000,0.380000,0.100000,-1.000000,1.120889
397,1.162902,-1.687922,-2.849831,1.122828,0.635306,0.677306,1.000000,0.740000,0.360000,0.100000,-0.700000,1.122828
398,1.153976,-1.697236,-2.843058,1.127574,0.612331,0.725195,1.000000,0.700000,0.340000,0.100000,-0.800000,1.127574
399,1.145000,-1.706405,-2.835806,1.131718,0.589504,0.799798,1.000000,0.660000,0.320000,0.100000,-0.800000,1.131718
400,1.135982,-1.715434,-2.827808,1.136136,0.565857,0.871870,1.000000,0.620000,0.320000,0.100000,-0.800000,1.136136
401,1.126922,-1.724323,-2.819089,1.140773,0.541421,0.940900,1.000000,0.580000,0.300000,0.100000,-0.800000,1.140773
402,1.117818,-1.733074,-2.809680,1.145571,0.516234,1.006273,1.000000,0.540000,0.280000,0.100000,-0.900000,1.145571
403,1.108670,-1.741687,-2.799617,1.149803,0.491092,1.099169,1.000000,0.500000,0.280000,0.100000,-0.900000,1.149803
404,1.099485,-1.750169,-2.788626,1.154238,0.464951,1.186720,1.000000,0.480000,0.260000,0.100000,-0.900000,1.154238
405,1.090261,-1.758522,-2.776758,1.158793,0.437886,1.267753,1.000000,0.440000,0.240000,0.100000,-0.900000,1.158793
406,1.080998,-1.766748,-2.764081,1.163382,0.409994,1.340851,1.000000,0.400000,0.240000,0.100000,-0.900000,1.163382
407,1.071695,-1.774847,-2.750672,1.167918,0.381392,1.404318,1.000000,0.380000,0.220000,0.100000,-1.000000,1.167918
408,1.062350,-1.782824,-2.736629,1.171723,0.353040,1.490782,1.000000,0.340000,0.200000,0.100000,-1.000000,1.171723
409,1.052972,-1.790685,-2.721721,1.175436,0.323911,1.563205,1.000000,0.320000,0.200000,0.100000,-1.000000,1.175436
410,1.043559,-1.798434,-2.706089,1.178950,0.294224,1.618772,1.000000,0.300000,0.180000,0.100000,-1.000000,1.178950
411,1.034111,-1.806075,-2.689902,1.182165,0.264238,1.654417,1.000000,0.280000,0.180000,0.100000,-1.000000,1.182165
412,1.024628,-1.813613,-2.673357,1.184990,0.234255,1.667003,0.920000,0.260000,0.160000,0.100000,-1.000000,1.184990
413,1.015111,-1.821051,-2.656687,1.187350,0.204613,1.653613,0.780000,0.240000,0.140000,0.100000,-1.000000,1.187350
414,1.005560,-1.828396,-2.640151,1.189191,0.175676,1.611900,0.660000,0.220000,0.140000,0.100000,-1.000000,1.189191
415,0.995976,-1.835653,-2.624032,1.190485,0.147821,1.540449,0.560000,0.200000,0.140000,0.100000,-1.000000,1.190485
416,0.986362,-1.842827,-2.608628,1.191227,0.121416,1.439046,0.480000,0.180000,0.120000,0.100000,-1.000000,1.191227
417,0.976719,-1.849926,-2.594237,1.191445,0.096806,1.308777,0.420000,0.160000,0.120000,0.100000,-1.000000,1.191445
418,0.967049,-1.856953,-2.581150,1.191187,0.074298,1.151929,0.360000,0.160000,0.100000,0.100000,-1.000000,1.191187
419,0.957354,-1.863914,-2.569630,1.190525,0.054149,0.971752,0.320000,0.140000,0.100000,0.100000,-1.000000,1.190525
420,0.947637,-1.870814,-2.559913,1.189539,0.036559,0.772153,0.280000,0.120000,0.080000,0.100000,-1.000000,1.189539
421,0.937899,-1.877655,-2.552191,1.188316,0.021671,0.557408,0.260000,0.120000,0.080000,0.100000,-1.000000,1.188316
422,0.928141,-1.884440,-2.546617,1.186939,0.009574,0.331925,0.220000,0.100000,0.080000,0.100000,-1.000000,1.186939
423,0.918365,-1.891172,-2.543298,1.185478,0.000298,0.100077,0.200000,0.100000,0.060000,0.100000,-1.000000,1.185478
424,0.908571,-1.897852,-2.542297,1.183992,-0.006173,-0.133900,0.180000,0.080000,0.060000,0.100000,-1.000000,1.183992
425,0.898760,-1.904479,-2.543636,1.182520,-0.009906,-0.365986,0.160000,0.080000,0.060000,0.100000,-1.000000,1.182520
426,0.888930,-1.911054,-2.547296,1.181080,-0.011007,-0.592428,0.140000,0.060000,0.040000,0.100000,-1.000000,1.181080
427,0.879083,-1.917576,-2.553220,1.179672,-0.009621,-0.809793,0.120000,0.060000,0.040000,0.100000,-1.000000,1.179672
428,0.869217,-1.924044,-2.561318,1.178279,-0.005927,-1.015028,0.100000,0.040000,0.040000,0.100000,-1.000000,1.178279
429,0.859330,-1.930454,-2.571468,1.176870,-0.000127,-1.205519,0.080000,0.040000,0.020000,0.100000,-1.000000,1.176870
430,0.849422,-1.936805,-2.583524,1.175402,0.007554,-1.379154,0.060000,0.020000,0.020000,0.100000,-1.000000,1.175402
431,0.839491,-1.943093,-2.597315,1.173828,0.016878,-1.534366,0.040000,0.020000,0.020000,0.100000,-1.000000,1.173828
432,0.829537,-1.949316,-2.612659,1.172098,0.027601,-1.670157,0.020000,0.020000,0.020000,0.100000,-1.000000,1.172098
