step,x,y,mu,vx,vy,omega,lidar_l,lidar_c,lidar_r,throttle,steering,reward
0,-1.030256,-1.625316,-0.987817,0.000000,0.000000,0.000000,0.280000,0.320000,0.440000,-0.200000,0.000000,0.000000
1,-1.030256,-1.625316,-0.987817,-0.014000,0.000000,0.000000,0.280000,0.320000,0.440000,-0.200000,0.000000,-0.014000
2,-1.030333,-1.625199,-0.987817,-0.028000,0.000000,0.000000,0.280000,0.320000,0.440000,-0.200000,0.000000,-0.028000
3,-1.030487,-1.624965,-0.987817,-0.042000,0.000000,0.000000,0.280000,0.320000,0.440000,-0.200000,0.000000,-0.042000
4,-1.030719,-1.624615,-0.987817,-0.056000,0.000000,0.000000,0.280000,0.320000,0.440000,-0.200000,0.000000,-0.056000
5,-1.031027,-1.624147,-0.987817,-0.070001,0.000000,0.000000,0.280000,0.320000,0.440000,-0.200000,0.000000,-0.070001
6,-1.031412,-1.623563,-0.987817,-0.084001,0.000000,0.000000,0.280000,0.320000,0.440000,-0.200000,0.000000,-0.084001
7,-1.031875,-1.622861,-0.987817,-0.098002,0.000000,0.000000,0.280000,0.320000,0.440000,-0.200000,0.000000,-0.098002
8,-1.032414,-1.622043,-0.987817,-0.112002,0.000000,0.000000,0.280000,0.320000,0.460000,-0.200000,0.200000,-0.112002
9,-1.033031,-1.621108,-0.987817,-0.126003,0.000000,0.000000,0.280000,0.320000,0.460000,-0.200000,0.200000,-0.126003
10,-1.033724,-1.620056,-0.987817,-0.140005,0.000000,0.000000,0.280000,0.320000,0.460000,-0.200000,0.200000,-0.140005
11,-1.034495,-1.618888,-0.987817,-0.154006,0.000000,0.000000,0.280000,0.320000,0.460000,-0.200000,0.200000,-0.154006
12,-1.035343,-1.617602,-0.987817,-0.168008,0.000000,0.000000,0.280000,0.320000,0.460000,-0.200000,0.200000,-0.168008
13,-1.036268,-1.616199,-0.987817,-0.182011,0.000000,0.000000,0.280000,0.320000,0.460000,-0.200000,0.200000,-0.182011
14,-1.037270,-1.614680,-0.987817,-0.196014,0.000000,0.000000,0.280000,0.340000,0.460000,-0.200000,0.200000,-0.196014
15,-1.038349,-1.613043,-0.987817,-0.210017,0.000000,0.000000,0.280000,0.340000,0.460000,-0.200000,0.200000,-0.210017
16,-1.039505,-1.611290,-0.987817,-0.224021,0.000000,0.000000,0.280000,0.340000,0.460000,-0.200000,0.200000,-0.224021
17,-1.040738,-1.609420,-0.987817,-0.238025,0.000000,0.000000,0.300000,0.340000,0.460000,-0.200000,0.200000,-0.238025
18,-1.042049,-1.607433,-0.987817,-0.252030,0.000000,0.000000,0.300000,0.340000,0.460000,-0.200000,0.200000,-0.252030
19,-1.043436,-1.605329,-0.987817,-0.266035,0.000000,0.000000,0.300000,0.340000,0.480000,-0.200000,0.200000,-0.266035
20,-1.044901,-1.603108,-0.987817,-0.280041,0.000000,0.000000,0.300000,0.340000,0.480000,-0.200000,0.200000,-0.280041
21,-1.046442,-1.600770,-0.987817,-0.294048,0.000000,0.000000,0.300000,0.340000,0.480000,-0.200000,0.200000,-0.294048
22,-1.048061,-1.598315,-0.987817,-0.308055,0.000000,0.000000,0.300000,0.340000,0.480000,-0.200000,0.200000,-0.308055
23,-1.049757,-1.595744,-0.987817,-0.322064,0.000000,0.000000,0.300000,0.340000,0.480000,-0.200000,0.000000,-0.322064
24,-1.051530,-1.593055,-0.987817,-0.336072,0.000000,0.000000,0.300000,0.360000,0.480000,-0.200000,0.000000,-0.336072
25,-1.053380,-1.590249,-0.987817,-0.350082,0.000000,0.000000,0.300000,0.360000,0.500000,-0.200000,0.000000,-0.350082
26,-1.055307,-1.587327,-0.987817,-0.364092,0.000000,0.000000,0.300000,0.360000,0.500000,-0.200000,0.000000,-0.364092
27,-1.057312,-1.584287,-0.987817,-0.378104,0.000000,0.000000,0.320000,0.360000,0.500000,-0.200000,0.000000,-0.378104
28,-1.059393,-1.581131,-0.987817,-0.392116,0.000000,0.000000,0.320000,0.360000,0.500000,-0.200000,0.000000,-0.392116
29,-1.061552,-1.577857,-0.987817,-0.406129,0.000000,0.000000,0.320000,0.360000,0.500000,-0.200000,0.000000,-0.406129
30,-1.063788,-1.574467,-0.987817,-0.420143,0.000000,0.000000,0.320000,0.360000,0.520000,0.000000,0.200000,-0.420143
31,-1.066101,-1.570959,-0.987817,-0.420158,0.000000,0.000000,0.320000,0.380000,0.520000,0.000000,0.200000,-0.420158
32,-1.068414,-1.567452,-0.987817,-0.420173,0.000000,0.000000,0.320000,0.380000,0.520000,0.000000,0.200000,-0.420173
33,-1.070727,-1.563944,-0.987817,-0.420188,0.000000,0.000000,0.320000,0.380000,0.520000,0.000000,0.200000,-0.420188
34,-1.073040,-1.560436,-0.987817,-0.420203,0.000000,0.000000,0.340000,0.380000,0.540000,0.000000,0.200000,-0.420203
35,-1.075353,-1.556928,-0.987817,-0.420219,0.000000,0.000000,0.340000,0.380000,0.540000,0.000000,0.200000,-0.420219
36,-1.077667,-1.553420,-0.987817,-0.420234,0.000000,0.000000,0.340000,0.400000,0.540000,0.000000,0.200000,-0.420234
37,-1.079980,-1.549912,-0.987817,-0.420249,0.000000,0.000000,0.340000,0.400000,0.540000,0.000000,0.200000,-0.420249
38,-1.082294,-1.546403,-0.987817,-0.420264,0.000000,0.000000,0.340000,0.400000,0.560000,0.200000,0.200000,-0.420264
39,-1.084607,-1.542895,-0.987817,-0.406279,0.000000,0.000000,0.340000,0.400000,0.560000,0.200000,0.200000,-0.406279
40,-1.086844,-1.539503,-0.987817,-0.392293,0.000000,0.000000,0.340000,0.400000,0.560000,0.200000,0.200000,-0.392293
41,-1.089004,-1.536228,-0.987817,-0.378306,0.000000,0.000000,0.360000,0.400000,0.560000,0.200000,0.200000,-0.378306
42,-1.091086,-1.533070,-0.987817,-0.364318,0.000000,0.000000,0.360000,0.400000,0.560000,0.200000,0.200000,-0.364318
43,-1.093092,-1.530029,-0.987817,-0.350330,0.000000,0.000000,0.360000,0.420000,0.580000,0.200000,0.200000,-0.350330
44,-1.095020,-1.527104,-0.987817,-0.336340,0.000000,0.000000,0.360000,0.420000,0.580000,0.200000,0.200000,-0.336340
45,-1.096872,-1.524296,-0.987817,-0.322350,0.000000,0.000000,0.360000,0.420000,0.580000,0.200000,0.200000,-0.322350
46,-1.098647,-1.521605,-0.987817,-0.308359,0.000000,0.000000,0.360000,0.420000,0.580000,0.200000,0.200000,-0.308359
47,-1.100344,-1.519031,-0.987817,-0.294367,0.000000,0.000000,0.360000,0.420000,0.580000,0.200000,0.200000,-0.294367
48,-1.101965,-1.516573,-0.987817,-0.280374,0.000000,0.000000,0.360000,0.420000,0.600000,0.200000,0.200000,-0.280374
49,-1.103508,-1.514233,-0.987817,-0.266381,0.000000,0.000000,0.360000,0.420000,0.600000,0.200000,0.200000,-0.266381
50,-1.104975,-1.512009,-0.987817,-0.252387,0.000000,0.000000,0.380000,0.420000,0.600000,0.200000,0.200000,-0.252387
51,-1.106364,-1.509902,-0.987817,-0.238392,0.000000,0.000000,0.380000,0.440000,0.600000,0.200000,0.200000,-0.238392
52,-1.107676,-1.507912,-0.987817,-0.224397,0.000000,0.000000,0.380000,0.440000,0.600000,0.200000,0.200000,-0.224397
53,-1.108912,-1.506038,-0.987817,-0.210402,0.000000,0.000000,0.380000,0.440000,0.600000,0.200000,0.200000,-0.210402
54,-1.110070,-1.504282,-0.987817,-0.196405,0.000000,0.000000,0.380000,0.440000,0.600000,0.200000,0.200000,-0.196405
55,-1.111151,-1.502642,-0.987817,-0.182409,0.000000,0.000000,0.380000,0.440000,0.620000,0.400000,0.400000,-0.182409
56,-1.112156,-1.501120,-0.987817,-0.154411,0.000000,0.000000,0.380000,0.440000,0.620000,0.400000,0.400000,-0.154411
57,-1.113006,-1.499830,-0.987817,-0.126413,0.000000,0.000000,0.380000,0.440000,0.620000,0.400000,0.400000,-0.126413
58,-1.113702,-1.498775,-0.987817,-0.098415,0.000000,0.000000,0.380000,0.440000,0.620000,0.400000,0.400000,-0.098415
59,-1.114243,-1.497954,-0.987817,-0.070416,0.000000,0.000000,0.380000,0.440000,0.620000,0.400000,0.400000,-0.070416
60,-1.114631,-1.497366,-0.987817,-0.042416,0.000000,0.000000,0.380000,0.440000,0.620000,0.400000,0.400000,-0.042416
61,-1.114864,-1.497012,-0.987817,-0.014416,0.000000,0.000000,0.380000,0.440000,0.620000,0.400000,0.400000,-0.014416
62,-1.114944,-1.496891,-0.987817,0.013584,0.000000,0.000000,0.380000,0.440000,0.620000,0.200000,0.400000,0.013584
63,-1.114869,-1.497005,-0.987817,0.024383,0.007570,0.323780,0.380000,0.440000,0.620000,0.200000,0.400000,0.024383
64,-1.114672,-1.497167,-0.984579,0.040580,0.006281,-0.087222,0.380000,0.440000,0.620000,0.400000,0.400000,0.040580
65,-1.114395,-1.497470,-0.985451,0.065760,0.007158,0.480555,0.380000,0.440000,0.620000,0.200000,0.400000,0.065760
66,-1.113972,-1.497978,-0.980645,0.078743,0.013368,0.390188,0.380000,0.440000,0.620000,0.200000,0.400000,0.078743
67,-1.113423,-1.498558,-0.976744,0.091671,0.015504,0.514251,0.380000,0.440000,0.620000,0.200000,0.400000,0.091671
68,-1.112781,-1.499231,-0.971601,0.104811,0.017802,0.582688,0.380000,0.440000,0.620000,0.200000,0.400000,0.104811
69,-1.112043,-1.499996,-0.965774,0.117967,0.019896,0.655826,0.380000,0.440000,0.640000,0.200000,0.400000,0.117967
70,-1.111208,-1.500853,-0.959216,0.131137,0.021897,0.728212,0.380000,0.440000,0.640000,0.200000,0.400000,0.131137
71,-1.110276,-1.501801,-0.951934,0.144317,0.023811,0.800065,0.380000,0.460000,0.640000,0.200000,0.400000,0.144317
72,-1.109245,-1.502839,-0.943933,0.157505,0.025636,0.871435,0.380000,0.460000,0.640000,0.200000,0.400000,0.157505
73,-1.108113,-1.503964,-0.935219,0.170700,0.027368,0.942320,0.380000,0.460000,0.660000,0.200000,0.400000,0.170700
74,-1.106880,-1.505175,-0.925796,0.183901,0.028998,1.012694,0.380000,0.460000,0.660000,0.200000,0.400000,0.183901
75,-1.105542,-1.506470,-0.915669,0.197108,0.030521,1.082523,0.380000,0.460000,0.680000,0.200000,0.400000,0.197108
76,-1.104099,-1.507847,-0.904843,0.210317,0.031929,1.151769,0.380000,0.460000,0.680000,0.200000,0.400000,0.210317
77,-1.102549,-1.509304,-0.893326,0.223530,0.033214,1.220391,0.380000,0.460000,0.700000,0.200000,0.400000,0.223530
78,-1.100889,-1.510837,-0.881122,0.236743,0.034370,1.288345,0.380000,0.460000,0.700000,0.200000,0.400000,0.236743
79,-1.099118,-1.512445,-0.868238,0.249954,0.035390,1.355590,0.380000,0.460000,0.720000,0.200000,0.400000,0.249954
80,-1.097232,-1.514124,-0.854682,0.263161,0.036266,1.422079,0.380000,0.480000,0.720000,0.200000,0.400000,0.263161
81,-1.095231,-1.515871,-0.840462,0.276362,0.036991,1.487768,0.380000,0.480000,0.740000,0.200000,0.400000,0.276362
82,-1.093112,-1.517683,-0.825584,0.289553,0.037558,1.552613,0.380000,0.480000,0.760000,0.200000,0.400000,0.289553
83,-1.090872,-1.519556,-0.810058,0.302731,0.037962,1.616567,0.380000,0.480000,0.780000,0.200000,0.400000,0.302731
84,-1.088510,-1.521487,-0.793892,0.315892,0.038194,1.679586,0.380000,0.500000,0.800000,0.200000,0.400000,0.315892
85,-1.086023,-1.523472,-0.777096,0.329032,0.038249,1.741624,0.380000,0.500000,0.840000,0.200000,0.600000,0.329032
86,-1.083409,-1.525507,-0.759680,0.339407,0.040730,1.914244,0.380000,0.500000,0.860000,0.200000,0.600000,0.339407
87,-1.080668,-1.527549,-0.740538,0.349982,0.042560,2.069665,0.400000,0.520000,0.900000,0.400000,0.400000,0.349982
88,-1.077797,-1.529596,-0.719841,0.377529,0.040870,2.085460,0.400000,0.520000,0.940000,0.200000,0.400000,0.377529
89,-1.074689,-1.531778,-0.698986,0.390815,0.039113,2.123986,0.400000,0.520000,0.980000,0.200000,0.600000,0.390815
90,-1.071446,-1.533993,-0.677747,0.401279,0.039774,2.269696,0.400000,0.540000,1.000000,0.200000,0.600000,0.401279
91,-1.068071,-1.536199,-0.655050,0.411847,0.039825,2.401483,0.400000,0.560000,1.000000,0.200000,0.600000,0.411847
92,-1.064562,-1.538392,-0.631035,0.422483,0.039307,2.520814,0.400000,0.560000,1.000000,0.200000,0.600000,0.422483
93,-1.060919,-1.540568,-0.605827,0.433155,0.038253,2.628992,0.420000,0.580000,1.000000,0.200000,0.600000,0.433155
94,-1.057140,-1.542720,-0.579537,0.443831,0.036696,2.727158,0.420000,0.600000,1.000000,0.200000,0.600000,0.443831
95,-1.053226,-1.544843,-0.552265,0.454480,0.034665,2.816303,0.420000,0.620000,1.000000,0.000000,0.400000,0.454480
96,-1.049175,-1.546932,-0.524102,0.453771,0.029750,2.793197,0.440000,0.660000,1.000000,0.200000,0.600000,0.453771
97,-1.045097,-1.548946,-0.496170,0.464154,0.027718,2.867396,0.440000,0.680000,1.000000,0.200000,0.600000,0.464154
98,-1.040884,-1.550912,-0.467496,0.474471,0.025246,2.935943,0.440000,0.720000,1.000000,0.200000,0.600000,0.474471
99,-1.036534,-1.552824,-0.438137,0.484701,0.022355,2.999092,0.460000,0.760000,1.000000,0.400000,0.600000,0.484701
100,-1.032050,-1.554678,-0.408146,0.508822,0.019064,3.057096,0.480000,0.800000,1.000000,0.200000,0.600000,0.508822
101,-1.027304,-1.556523,-0.377575,0.518785,0.014913,3.116612,0.480000,0.860000,1.000000,0.200000,0.400000,0.518785
102,-1.022427,-1.558297,-0.346409,0.531117,0.008595,3.093423,0.500000,0.940000,1.000000,0.400000,0.400000,0.531117
103,-1.017402,-1.560019,-0.315475,0.557116,0.002461,3.077583,0.520000,1.000000,1.000000,0.400000,0.400000,0.557116
104,-1.012098,-1.561725,-0.284699,0.582777,-0.004014,3.074572,0.540000,1.000000,1.000000,0.400000,0.400000,0.582777
105,-1.006516,-1.563400,-0.253953,0.608116,-0.010915,3.080980,0.560000,1.000000,0.960000,0.400000,0.400000,0.608116
106,-1.000658,-1.565033,-0.223143,0.633135,-0.018310,3.094268,0.580000,1.000000,0.740000,0.400000,0.200000,0.633135
107,-0.994524,-1.566613,-0.192200,0.660009,-0.030060,2.949538,0.600000,1.000000,0.600000,0.400000,0.200000,0.660009
108,-0.988103,-1.568169,-0.162705,0.686403,-0.040865,2.835390,0.640000,1.000000,0.520000,0.200000,0.200000,0.686403
109,-0.981395,-1.569684,-0.134351,0.698401,-0.051014,2.744613,0.660000,1.000000,0.460000,0.200000,0.000000,0.698401
110,-0.974543,-1.571125,-0.106905,0.710959,-0.065980,2.424755,0.700000,1.000000,0.420000,0.200000,0.000000,0.710959
111,-0.967544,-1.572540,-0.082658,0.723316,-0.077901,2.148650,0.740000,1.000000,0.380000,0.400000,0.000000,0.723316
112,-0.960400,-1.573913,-0.061171,0.749598,-0.087262,1.908892,0.760000,1.000000,0.360000,0.200000,-0.400000,0.749598
113,-0.952971,-1.575242,-0.042082,0.758841,-0.103342,1.336983,0.800000,1.000000,0.340000,0.000000,-0.400000,0.758841
114,-0.945433,-1.576594,-0.028712,0.754559,-0.114910,0.789484,0.820000,1.000000,0.340000,0.200000,-0.400000,0.754559
115,-0.937924,-1.577959,-0.020817,0.764948,-0.121956,0.268348,0.840000,1.000000,0.320000,0.200000,-0.400000,0.764948
116,-0.930301,-1.579338,-0.018134,0.776082,-0.125004,-0.221450,0.840000,1.000000,0.320000,0.200000,-0.400000,0.776082
117,-0.922564,-1.580728,-0.020348,0.787953,-0.124368,-0.678091,0.820000,1.000000,0.340000,0.200000,-0.400000,0.787953
118,-0.914712,-1.582132,-0.027129,0.800483,-0.120400,-1.099991,0.820000,1.000000,0.340000,-0.200000,-0.400000,0.800483
119,-0.906742,-1.583553,-0.038129,0.785547,-0.113473,-1.485588,0.780000,1.000000,0.360000,-0.200000,-0.400000,0.785547
120,-0.898936,-1.584986,-0.052985,0.771042,-0.104178,-1.832321,0.760000,1.000000,0.380000,0.000000,-0.400000,0.771042
121,-0.891291,-1.586435,-0.071308,0.770799,-0.093123,-2.137237,0.720000,1.000000,0.400000,0.200000,-0.400000,0.770799
122,-0.883669,-1.587913,-0.092681,0.784616,-0.080673,-2.400540,0.680000,1.000000,0.440000,-0.200000,-0.400000,0.784616
123,-0.875932,-1.589442,-0.116686,0.770304,-0.066968,-2.625783,0.660000,1.000000,0.500000,0.200000,0.000000,0.770304
124,-0.868359,-1.591004,-0.142944,0.786012,-0.042537,-2.366301,0.620000,1.000000,0.560000,0.200000,0.200000,0.786012
125,-0.860640,-1.592545,-0.166607,0.799450,-0.017987,-1.972261,0.580000,1.000000,0.640000,0.200000,0.200000,0.799450
126,-0.852786,-1.594048,-0.186330,0.812352,0.002708,-1.581514,0.560000,1.000000,0.720000,0.400000,0.200000,0.812352
127,-0.844798,-1.595527,-0.202145,0.838979,0.019598,-1.203696,0.560000,1.000000,0.800000,0.400000,0.200000,0.838979
128,-0.836539,-1.597019,-0.214182,0.865534,0.033030,-0.847404,0.540000,1.000000,0.880000,0.400000,0.400000,0.865534
129,-0.828012,-1.598536,-0.222656,0.890023,0.045525,-0.413594,0.520000,1.000000,0.960000,0.400000,0.400000,0.890023
130,-0.819231,-1.600057,-0.226792,0.914704,0.054243,0.003624,0.520000,1.000000,1.000000,0.400000,0.400000,0.914704
131,-0.810196,-1.601585,-0.226755,0.939663,0.059261,0.400397,0.520000,1.000000,1.000000,0.400000,0.400000,0.939663
132,-0.800906,-1.603121,-0.222751,0.964927,0.060704,0.773860,0.520000,1.000000,0.980000,0.400000,0.400000,0.964927
133,-0.791361,-1.604660,-0.215013,0.990471,0.058732,1.121937,0.520000,1.000000,0.940000,0.200000,0.400000,0.990471
134,-0.781559,-1.606200,-0.203793,1.002230,0.053533,1.443216,0.540000,1.000000,0.880000,0.400000,0.400000,1.002230
135,-0.771636,-1.607704,-0.189361,1.028117,0.045491,1.736348,0.540000,1.000000,0.800000,0.200000,0.200000,1.028117
136,-0.761453,-1.609192,-0.171998,1.042184,0.031153,1.850703,0.560000,1.000000,0.740000,0.200000,0.200000,1.042184
137,-0.751132,-1.610669,-0.153491,1.055972,0.016274,1.949892,0.580000,1.000000,0.680000,0.400000,0.200000,1.055972
138,-0.740671,-1.612123,-0.133992,1.083434,0.000967,2.035442,0.600000,1.000000,0.620000,0.200000,0.200000,1.083434
139,-0.729933,-1.613560,-0.113637,1.096526,-0.014965,2.110893,0.620000,1.000000,0.580000,0.200000,0.000000,1.096526
140,-0.719055,-1.614952,-0.092529,1.110108,-0.036875,1.931949,0.640000,1.000000,0.540000,0.200000,0.200000,1.110108
141,-0.708036,-1.616345,-0.073209,1.122286,-0.050434,2.001089,0.660000,1.000000,0.500000,0.200000,0.200000,1.122286
142,-0.696880,-1.617669,-0.053198,1.134120,-0.064413,2.061679,0.680000,1.000000,0.480000,0.200000,0.200000,1.134120
143,-0.685589,-1.618915,-0.032581,1.145588,-0.078748,2.114762,0.720000,1.000000,0.440000,0.000000,-0.200000,1.145588
144,-0.674165,-1.620076,-0.011434,1.142798,-0.103996,1.707466,0.760000,1.000000,0.420000,0.000000,0.000000,1.142798
145,-0.662749,-1.621246,0.005641,1.140910,-0.117813,1.564234,0.800000,1.000000,0.400000,0.000000,0.000000,1.140910
146,-0.651334,-1.622360,0.021283,1.138956,-0.129304,1.432120,0.820000,1.000000,0.400000,0.200000,0.000000,1.138956
147,-0.639919,-1.623410,0.035604,1.150994,-0.138721,1.309984,0.860000,1.000000,0.380000,0.200000,0.000000,1.150994
148,-0.628367,-1.624387,0.048704,1.163064,-0.146540,1.197436,0.900000,1.000000,0.380000,0.200000,-0.400000,1.163064
149,-0.616679,-1.625284,0.060679,1.172398,-0.162413,0.687537,0.920000,1.000000,0.360000,-0.200000,-0.400000,1.172398
150,-0.604878,-1.626195,0.067554,1.154507,-0.172136,0.193798,0.940000,1.000000,0.360000,-0.200000,-0.400000,1.154507
151,-0.593243,-1.627133,0.069492,1.137539,-0.175783,-0.282745,0.940000,1.000000,0.360000,-0.200000,-0.400000,1.137539
152,-0.581773,-1.628096,0.066665,1.121518,-0.173891,-0.738846,0.940000,1.000000,0.360000,-0.200000,-0.400000,1.121518
153,-0.570467,-1.629084,0.059276,1.106374,-0.167031,-1.171548,0.900000,1.000000,0.380000,-0.200000,-0.400000,1.106374
154,-0.559324,-1.630096,0.047561,1.091958,-0.155803,-1.577736,0.880000,1.000000,0.380000,-0.200000,-0.400000,1.091958
155,-0.548343,-1.631133,0.031783,1.078067,-0.140832,-1.953899,0.820000,1.000000,0.400000,0.200000,-0.400000,1.078067
156,-0.537523,-1.632198,0.012244,1.092462,-0.122765,-2.296200,0.780000,1.000000,0.420000,-0.400000,-0.200000,1.092462
157,-0.526584,-1.633292,-0.010718,1.067005,-0.097087,-2.403732,0.720000,1.000000,0.460000,-0.400000,-0.200000,1.067005
158,-0.515925,-1.634377,-0.034755,1.040967,-0.072226,-2.489414,0.680000,1.000000,0.480000,0.000000,-0.200000,1.040967
159,-0.505547,-1.635461,-0.059649,1.042295,-0.048500,-2.553189,0.640000,1.000000,0.520000,0.200000,0.200000,1.042295
160,-0.495171,-1.636566,-0.085181,1.055981,-0.015853,-2.188545,0.600000,1.000000,0.580000,0.000000,0.200000,1.055981
161,-0.484663,-1.637623,-0.107067,1.054889,0.012093,-1.817946,0.580000,1.000000,0.640000,0.200000,0.200000,1.054889
162,-0.474162,-1.638630,-0.125246,1.067351,0.035043,-1.449522,0.560000,1.000000,0.680000,0.200000,0.200000,1.067351
163,-0.463528,-1.639615,-0.139741,1.079642,0.053410,-1.092572,0.540000,1.000000,0.740000,0.000000,0.400000,1.079642
164,-0.452762,-1.640590,-0.150667,1.075829,0.069904,-0.644273,0.520000,1.000000,0.780000,0.200000,0.400000,1.075829
165,-0.442021,-1.641514,-0.157110,1.086257,0.081222,-0.204197,0.520000,1.000000,0.820000,0.400000,0.600000,1.086257
166,-0.431165,-1.642411,-0.159152,1.108876,0.088266,0.244474,0.520000,1.000000,0.820000,0.200000,0.400000,1.108876
167,-0.420077,-1.643297,-0.156707,1.120140,0.089902,0.648672,0.520000,1.000000,0.820000,0.200000,0.400000,1.120140
168,-0.408872,-1.644157,-0.150220,1.131825,0.087197,1.030250,0.520000,1.000000,0.800000,0.200000,0.200000,1.131825
169,-0.397551,-1.644989,-0.139918,1.146037,0.076799,1.229111,0.520000,1.000000,0.760000,0.200000,0.200000,1.146037
170,-0.386095,-1.645827,-0.127627,1.160263,0.064628,1.409324,0.540000,1.000000,0.720000,0.200000,0.200000,1.160263
171,-0.374505,-1.646663,-0.113533,1.174414,0.050924,1.571387,0.560000,1.000000,0.680000,0.400000,0.200000,1.174414
172,-0.362779,-1.647487,-0.097819,1.202405,0.035908,1.715958,0.580000,1.000000,0.640000,0.200000,0.200000,1.202405
173,-0.350777,-1.648304,-0.080660,1.216150,0.019555,1.845142,0.580000,1.000000,0.600000,0.200000,0.200000,1.216150
174,-0.338639,-1.649089,-0.062208,1.229580,0.002238,1.958698,0.620000,1.000000,0.580000,0.200000,0.200000,1.229580
175,-0.326366,-1.649831,-0.042621,1.242631,-0.015881,2.057829,0.640000,1.000000,0.540000,0.200000,0.200000,1.242631
176,-0.313958,-1.650519,-0.022043,1.255249,-0.034660,2.143860,0.680000,1.000000,0.500000,0.000000,0.200000,1.255249
177,-0.301416,-1.651143,-0.000605,1.253387,-0.053979,2.218172,0.700000,1.000000,0.480000,0.000000,0.200000,1.253387
178,-0.288882,-1.651690,0.021577,1.251013,-0.073397,2.280546,0.760000,1.000000,0.460000,0.200000,0.000000,1.251013
179,-0.276359,-1.652154,0.044383,1.263206,-0.098043,2.107980,0.800000,1.000000,0.440000,0.000000,-0.200000,1.263206
180,-0.263696,-1.652573,0.065462,1.260052,-0.125313,1.710194,0.860000,1.000000,0.420000,0.200000,0.000000,1.260052
181,-0.251041,-1.652999,0.082564,1.271773,-0.140704,1.578448,0.920000,1.000000,0.400000,0.200000,0.000000,1.271773
182,-0.238250,-1.653352,0.098349,1.283414,-0.154028,1.456950,0.960000,1.000000,0.380000,0.000000,-0.200000,1.283414
183,-0.225327,-1.653625,0.112918,1.280364,-0.171396,1.092030,1.000000,1.000000,0.380000,-0.200000,-0.400000,1.280364
184,-0.212412,-1.653885,0.123839,1.261626,-0.187118,0.587043,1.000000,1.000000,0.360000,-0.200000,-0.400000,1.261626
185,-0.199661,-1.654184,0.129709,1.243813,-0.195881,0.095351,1.000000,1.000000,0.360000,-0.200000,-0.400000,1.243813
186,-0.187074,-1.654517,0.130663,1.227044,-0.198194,-0.379607,1.000000,1.000000,0.360000,-0.200000,-0.400000,1.227044
187,-0.174650,-1.654884,0.126866,1.211321,-0.194608,-0.835081,1.000000,1.000000,0.360000,-0.200000,-0.400000,1.211321
188,-0.162388,-1.655281,0.118516,1.196545,-0.185700,-1.268454,1.000000,1.000000,0.380000,-0.200000,-0.400000,1.196545
189,-0.150287,-1.655711,0.105831,1.182541,-0.172075,-1.676785,0.980000,1.000000,0.380000,-0.200000,-0.400000,1.182541
190,-0.138346,-1.656173,0.089063,1.169074,-0.154363,-2.056543,0.920000,1.000000,0.400000,0.000000,-0.400000,1.169074
191,-0.126564,-1.656670,0.068498,1.169874,-0.133224,-2.403667,0.860000,1.000000,0.420000,-0.200000,-0.400000,1.169874
192,-0.114801,-1.657199,0.044461,1.156633,-0.109053,-2.714652,0.800000,1.000000,0.440000,-0.400000,-0.200000,1.156633
193,-0.103198,-1.657774,0.017315,1.131240,-0.078260,-2.793146,0.720000,1.000000,0.480000,-0.400000,0.000000,1.131240
194,-0.091874,-1.658361,-0.010617,1.105316,-0.043037,-2.599627,0.680000,1.000000,0.520000,0.000000,0.200000,1.105316
195,-0.080826,-1.658908,-0.036613,1.104898,-0.008544,-2.233491,0.620000,1.000000,0.560000,0.000000,0.200000,1.104898
196,-0.069787,-1.659398,-0.058948,1.103668,0.020658,-1.859851,0.600000,1.000000,0.600000,0.000000,0.200000,1.103668
197,-0.058758,-1.659842,-0.077546,1.101986,0.044625,-1.488779,0.580000,1.000000,0.640000,0.200000,0.200000,1.101986
198,-0.047736,-1.660251,-0.092434,1.114146,0.063548,-1.127781,0.560000,1.000000,0.680000,0.200000,0.200000,1.114146
199,-0.036584,-1.660647,-0.103712,1.126365,0.077912,-0.783160,0.540000,1.000000,0.700000,0.200000,0.400000,1.126365
200,-0.025300,-1.661038,-0.111544,1.136631,0.090891,-0.333228,0.540000,1.000000,0.720000,0.200000,0.400000,1.136631
201,-0.013903,-1.661400,-0.114876,1.147301,0.098674,0.103176,0.520000,1.000000,0.740000,0.000000,0.400000,1.147301
202,-0.002393,-1.661735,-0.113844,1.144456,0.101482,0.521783,0.520000,1.000000,0.740000,0.000000,0.400000,1.144456
203,0.009093,-1.662026,-0.108626,1.142109,0.099624,0.919678,0.540000,1.000000,0.720000,0.400000,0.400000,1.142109
204,0.020555,-1.662274,-0.099430,1.168195,0.093527,1.293184,0.540000,1.000000,0.700000,0.400000,0.400000,1.168195
205,0.032272,-1.662503,-0.086498,1.194578,0.083359,1.638886,0.560000,1.000000,0.660000,0.200000,0.400000,1.194578
206,0.044245,-1.662705,-0.070109,1.207098,0.069389,1.955131,0.580000,1.000000,0.620000,0.200000,0.200000,1.207098
207,0.056335,-1.662858,-0.050558,1.221759,0.048470,2.082428,0.600000,1.000000,0.580000,0.200000,0.200000,1.221759
208,0.068561,-1.662991,-0.029733,1.235986,0.026824,2.193001,0.640000,1.000000,0.560000,0.200000,0.200000,1.235986
209,0.080924,-1.663091,-0.007803,1.249706,0.004610,2.287960,0.660000,1.000000,0.520000,0.400000,0.200000,1.249706
210,0.093421,-1.663142,0.015076,1.276857,-0.018035,2.368726,0.720000,1.000000,0.480000,0.200000,0.200000,1.276857
211,0.106191,-1.663130,0.038764,1.289388,-0.041346,2.438565,0.760000,1.000000,0.460000,0.200000,0.200000,1.289388
212,0.119091,-1.663044,0.063149,1.301257,-0.064911,2.497234,0.780000,1.000000,0.440000,0.200000,0.000000,1.301257
213,0.132119,-1.662870,0.088122,1.313492,-0.094028,2.316439,0.780000,1.000000,0.420000,0.200000,0.000000,1.313492
214,0.145285,-1.662651,0.111286,1.325167,-0.119841,2.149849,0.820000,1.000000,0.400000,0.000000,0.000000,1.325167
215,0.158588,-1.662370,0.132784,1.322440,-0.142680,1.996961,0.900000,1.000000,0.380000,0.000000,0.000000,1.322440
216,0.171885,-1.662034,0.152754,1.319442,-0.162514,1.855825,0.940000,1.000000,0.360000,0.000000,-0.200000,1.319442
217,0.185173,-1.661632,0.171312,1.315587,-0.185543,1.473505,0.920000,1.000000,0.360000,0.000000,0.000000,1.315587
218,0.198453,-1.661218,0.186047,1.312705,-0.196688,1.366330,0.940000,1.000000,0.340000,0.000000,-0.200000,1.312705
219,0.211717,-1.660722,0.199711,1.309384,-0.211883,1.013380,1.000000,1.000000,0.340000,-0.200000,-0.400000,1.309384
220,0.224971,-1.660201,0.209844,1.290539,-0.225986,0.502276,1.000000,1.000000,0.320000,-0.200000,-0.400000,1.290539
221,0.238064,-1.659723,0.214867,1.272869,-0.232917,0.006634,0.980000,1.000000,0.320000,-0.200000,-0.400000,1.272869
222,0.250996,-1.659285,0.214934,1.256456,-0.233223,-0.471317,0.980000,1.000000,0.320000,-0.200000,-0.400000,1.256456
223,0.263769,-1.658884,0.210220,1.241261,-0.227473,-0.929890,0.960000,1.000000,0.320000,-0.200000,-0.400000,1.241261
224,0.276383,-1.658518,0.200922,1.227151,-0.216247,-1.367327,0.960000,1.000000,0.320000,-0.200000,-0.400000,1.227151
225,0.288840,-1.658188,0.187248,1.213913,-0.200144,-1.781273,0.960000,1.000000,0.340000,-0.200000,-0.400000,1.213913
226,0.301139,-1.657895,0.169436,1.201278,-0.179786,-2.168434,0.880000,1.000000,0.340000,-0.200000,-0.400000,1.201278
227,0.313283,-1.657641,0.147751,1.188936,-0.155827,-2.524559,0.820000,1.000000,0.360000,-0.200000,0.000000,1.188936
228,0.325272,-1.657432,0.122506,1.178749,-0.118558,-2.400358,0.820000,1.000000,0.380000,-0.200000,0.000000,1.178749
229,0.337116,-1.657169,0.098502,1.167477,-0.084634,-2.263224,0.800000,1.000000,0.400000,-0.400000,0.000000,1.167477
230,0.348818,-1.656863,0.075870,1.141276,-0.054176,-2.117325,0.740000,1.000000,0.420000,-0.400000,-0.200000,1.141276
231,0.360239,-1.656538,0.054697,1.113723,-0.033387,-2.218698,0.680000,1.000000,0.440000,0.000000,-0.400000,1.113723
232,0.371378,-1.656262,0.032510,1.111519,-0.016604,-2.446764,0.640000,1.000000,0.460000,0.000000,-0.200000,1.111519
233,0.382492,-1.656067,0.008042,1.111111,0.005164,-2.502476,0.600000,1.000000,0.480000,0.000000,0.000000,1.111111
234,0.393603,-1.655926,-0.016983,1.110876,0.032234,-2.297160,0.580000,1.000000,0.640000,0.200000,0.000000,1.110876
235,0.404715,-1.655792,-0.039954,1.124030,0.055587,-2.104312,0.560000,0.960000,0.680000,0.200000,0.200000,1.124030
236,0.415969,-1.655686,-0.060998,1.135656,0.081146,-1.702305,0.560000,0.960000,1.000000,0.200000,0.400000,1.135656
237,0.427354,-1.655568,-0.078021,1.145064,0.104054,-1.205786,0.560000,0.960000,1.000000,0.200000,0.400000,1.145064
238,0.438851,-1.655423,-0.090079,1.154730,0.121003,-0.716960,0.560000,0.900000,1.000000,0.400000,0.400000,1.154730
239,0.450460,-1.655257,-0.097248,1.178906,0.132139,-0.241112,0.540000,0.900000,1.000000,0.200000,0.400000,1.178906
240,0.462322,-1.655087,-0.099659,1.189726,0.137765,0.216619,0.540000,0.880000,1.000000,0.400000,0.400000,1.189726
241,0.474297,-1.654899,-0.097493,1.215244,0.138012,0.654377,0.520000,0.880000,1.000000,0.400000,0.400000,1.215244
242,0.486526,-1.654709,-0.090949,1.241408,0.133158,1.068582,0.500000,0.860000,1.000000,0.200000,0.400000,1.241408
243,0.499010,-1.654510,-0.080263,1.254105,0.123443,1.456870,0.500000,0.900000,1.000000,0.400000,0.400000,1.254105
244,0.511609,-1.654285,-0.065695,1.281175,0.109304,1.816998,0.500000,0.880000,1.000000,0.200000,0.400000,1.281175
245,0.524465,-1.654036,-0.047525,1.294392,0.090937,2.146410,0.520000,0.880000,1.000000,0.200000,0.400000,1.294392
246,0.537438,-1.653742,-0.026061,1.307525,0.068951,2.442883,0.540000,0.940000,1.000000,0.200000,0.400000,1.307525
247,0.550526,-1.653394,-0.001632,1.320325,0.043792,2.705064,0.580000,0.920000,1.000000,0.200000,0.400000,1.320325
248,0.563730,-1.652977,0.025419,1.332547,0.015902,2.932808,0.640000,0.920000,0.560000,0.200000,0.200000,1.332547
249,0.577047,-1.652480,0.054747,1.346137,-0.017579,2.987196,0.620000,0.940000,0.520000,0.200000,0.200000,1.346137
250,0.590498,-1.651919,0.084619,1.358610,-0.050803,3.029438,0.620000,0.940000,0.480000,0.200000,0.200000,1.358610
251,0.604079,-1.651276,0.114913,1.369953,-0.083727,3.061729,0.700000,0.980000,0.460000,0.200000,0.200000,1.369953
252,0.617784,-1.650537,0.145531,1.380167,-0.116330,3.086135,0.680000,1.000000,0.340000,0.000000,0.000000,1.380167
253,0.631608,-1.649687,0.176392,1.376415,-0.153696,2.886748,0.700000,1.000000,0.320000,0.000000,0.000000,1.376415
254,0.645429,-1.648785,0.205259,1.371816,-0.186788,2.706227,0.740000,1.000000,0.320000,0.000000,0.000000,1.371816
255,0.659240,-1.647817,0.232322,1.366601,-0.216084,2.543629,0.720000,1.000000,0.300000,0.000000,0.000000,1.366601
256,0.673036,-1.646774,0.257758,1.360945,-0.242025,2.397282,0.760000,1.000000,0.280000,-0.200000,-0.200000,1.360945
257,0.686813,-1.645645,0.281731,1.340538,-0.270895,2.013162,0.740000,1.000000,0.280000,-0.200000,-0.200000,1.340538
258,0.700443,-1.644520,0.301862,1.320669,-0.293018,1.658299,0.820000,1.000000,0.260000,-0.200000,0.000000,1.320669
259,0.713923,-1.643391,0.318445,1.301661,-0.303558,1.568891,0.800000,1.000000,0.260000,-0.200000,-0.400000,1.301661
260,0.727236,-1.642199,0.334134,1.280609,-0.322658,1.040540,0.780000,1.000000,0.260000,-0.200000,-0.400000,1.280609
261,0.740392,-1.641047,0.344540,1.261206,-0.334035,0.533573,0.780000,1.000000,0.240000,-0.200000,-0.400000,1.261206
262,0.753391,-1.639931,0.349875,1.243590,-0.338324,0.047608,0.760000,1.000000,0.240000,-0.400000,-0.400000,1.243590
263,0.766233,-1.638847,0.350351,1.213765,-0.336139,-0.418811,0.760000,1.000000,0.240000,-0.400000,-0.400000,1.213765
264,0.778787,-1.637838,0.346163,1.185666,-0.328007,-0.865996,0.740000,1.000000,0.300000,-0.400000,-0.400000,1.185666
265,0.791054,-1.636901,0.337503,1.159109,-0.314593,-1.295327,0.740000,1.000000,0.300000,-0.200000,-0.400000,1.159109
266,0.803032,-1.636031,0.324550,1.147851,-0.296523,-1.707607,0.720000,0.980000,0.320000,-0.200000,-0.400000,1.147851
267,0.814857,-1.635181,0.307474,1.137560,-0.274290,-2.104238,0.720000,0.960000,0.320000,-0.200000,-0.400000,1.137560
268,0.826530,-1.634353,0.286432,1.127914,-0.248378,-2.482972,0.720000,0.900000,0.320000,-0.200000,-0.400000,1.127914
269,0.838051,-1.633548,0.261602,1.118564,-0.219308,-2.839498,0.620000,0.880000,0.340000,-0.400000,-0.200000,1.118564
270,0.849423,-1.632774,0.233207,1.097069,-0.182114,-2.930217,0.620000,0.880000,0.340000,-0.400000,-0.200000,1.097069
271,0.860518,-1.632011,0.203905,1.074541,-0.146239,-3.004415,0.600000,0.820000,0.360000,-0.200000,-0.200000,1.074541
272,0.871337,-1.631267,0.173861,1.064921,-0.112054,-3.058449,0.560000,0.800000,1.000000,0.000000,0.200000,1.064921
273,0.882019,-1.630528,0.143276,1.066643,-0.071190,-2.736419,0.560000,0.800000,1.000000,0.000000,0.200000,1.066643
274,0.892678,-1.629710,0.115912,1.066979,-0.035141,-2.387003,0.560000,0.740000,1.000000,0.000000,0.400000,1.066979
275,0.903317,-1.628825,0.092042,1.064258,-0.002867,-1.969423,0.540000,0.740000,0.980000,0.000000,0.400000,1.064258
276,0.913917,-1.627875,0.072348,1.060852,0.024104,-1.533929,0.520000,0.680000,0.920000,0.000000,0.200000,1.060852
277,0.924480,-1.626868,0.057008,1.059233,0.043735,-1.177264,0.500000,0.680000,0.900000,0.000000,0.400000,1.059233
278,0.935031,-1.625828,0.045236,1.055452,0.061143,-0.732076,0.480000,0.660000,0.880000,0.000000,0.400000,1.055452
279,0.945547,-1.624740,0.037915,1.051848,0.073468,-0.293610,0.460000,0.660000,0.880000,0.000000,0.400000,1.051848
280,0.956030,-1.623607,0.034979,1.048577,0.080968,0.132064,0.460000,0.640000,0.860000,0.000000,0.400000,1.048577
281,0.966481,-1.622431,0.036300,1.045718,0.083966,0.539900,0.480000,0.640000,0.860000,0.000000,0.400000,1.045718
282,0.976901,-1.621212,0.041699,1.043277,0.082837,0.925649,0.480000,0.620000,0.860000,0.000000,0.400000,1.043277
283,0.987290,-1.619950,0.050955,1.041203,0.077995,1.285710,0.480000,0.620000,0.840000,0.000000,0.400000,1.041203
284,0.997648,-1.618641,0.063812,1.039395,0.069876,1.617101,0.480000,0.620000,0.840000,0.000000,0.400000,1.039395
285,1.007977,-1.617280,0.079983,1.037724,0.058932,1.917559,0.460000,0.600000,0.840000,0.000000,0.400000,1.037724
286,1.018274,-1.615864,0.099159,1.036043,0.045610,2.185709,0.440000,0.640000,0.840000,0.200000,0.400000,1.036043
287,1.028538,-1.614384,0.121016,1.048200,0.030336,2.421226,0.480000,0.640000,0.880000,0.200000,0.400000,1.048200
288,1.038907,-1.612818,0.145228,1.060044,0.013166,2.626590,0.460000,0.620000,0.880000,0.200000,0.400000,1.060044
289,1.049377,-1.611153,0.171494,1.071438,-0.005628,2.803719,0.460000,0.660000,0.880000,0.000000,0.400000,1.071438
290,1.059943,-1.609380,0.199531,1.068262,-0.025799,2.955062,0.500000,0.660000,0.900000,0.200000,0.400000,1.068262
291,1.070465,-1.607516,0.229082,1.078416,-0.046689,3.081139,0.520000,0.660000,0.900000,0.200000,0.400000,1.078416
292,1.081074,-1.605522,0.259893,1.087823,-0.068524,3.187393,0.500000,0.680000,0.900000,0.000000,0.400000,1.087823
293,1.091763,-1.603388,0.291767,1.082415,-0.091150,3.276526,0.500000,0.680000,0.960000,0.200000,0.200000,1.082415
294,1.102392,-1.601148,0.324532,1.092266,-0.116234,3.250514,0.480000,0.680000,0.980000,0.200000,0.400000,1.092266
295,1.113115,-1.598767,0.357037,1.099121,-0.138521,3.313364,0.520000,0.680000,1.000000,0.200000,0.400000,1.099121
296,1.123897,-1.596223,0.390171,1.105109,-0.161276,3.366188,0.520000,0.720000,1.000000,0.200000,0.400000,1.105109
297,1.134731,-1.593511,0.423833,1.110207,-0.184414,3.410523,0.540000,0.720000,1.000000,0.200000,0.400000,1.110207
298,1.145609,-1.590627,0.457938,1.114396,-0.207859,3.447697,0.540000,0.720000,1.000000,0.200000,0.400000,1.114396
299,1.156524,-1.587564,0.492415,1.117663,-0.231544,3.478849,0.580000,0.740000,1.000000,0.000000,0.400000,1.117663
300,1.167467,-1.584321,0.527204,1.106001,-0.255407,3.504950,0.560000,0.780000,1.000000,0.000000,0.200000,1.106001
301,1.178310,-1.580964,0.562253,1.095435,-0.279790,3.486193,0.560000,0.780000,1.000000,0.000000,0.200000,1.095435
302,1.189070,-1.577491,0.597115,1.084017,-0.303187,3.470478,0.560000,0.800000,0.280000,-0.200000,-0.200000,1.084017
303,1.199739,-1.573903,0.631820,1.059300,-0.334047,3.099008,0.600000,0.800000,0.280000,0.000000,0.000000,1.059300
304,1.210260,-1.570343,0.662810,1.048853,-0.353588,2.995729,0.600000,0.860000,0.260000,0.000000,0.000000,1.048853
305,1.220703,-1.566676,0.692767,1.038166,-0.371245,2.905885,0.580000,0.880000,0.260000,0.000000,0.000000,1.038166
306,1.231063,-1.562902,0.721826,1.027286,-0.387249,2.827358,0.620000,0.880000,0.240000,0.000000,0.200000,1.027286
307,1.241333,-1.559021,0.750100,1.014490,-0.400090,2.831175,0.620000,0.900000,0.240000,0.000000,0.200000,1.014490
308,1.251482,-1.555032,0.778411,1.001302,-0.412477,2.835950,0.620000,0.900000,0.240000,0.000000,0.200000,1.001302
309,1.261508,-1.550938,0.806771,0.987731,-0.424421,2.841689,0.620000,0.920000,0.220000,0.000000,-0.200000,0.987731
310,1.271406,-1.546743,0.835188,0.976358,-0.441012,2.630883,0.620000,0.940000,0.220000,-0.200000,-0.200000,0.976358
311,1.281228,-1.542463,0.861497,0.951564,-0.454607,2.443643,0.620000,0.960000,0.220000,-0.200000,-0.200000,0.951564
312,1.290875,-1.538203,0.885933,0.927384,-0.465153,2.279380,0.680000,0.980000,0.220000,0.000000,-0.400000,0.927384
313,1.300344,-1.533963,0.908727,0.916785,-0.478341,1.909015,0.680000,0.980000,0.200000,0.000000,-0.400000,0.916785
314,1.309752,-1.529673,0.927817,0.907970,-0.487144,1.569675,0.660000,1.000000,0.200000,0.000000,-0.400000,0.907970
315,1.319095,-1.525327,0.943514,0.900883,-0.492123,1.254590,0.660000,1.000000,0.200000,0.000000,-0.400000,0.900883
316,1.328367,-1.520922,0.956060,0.895451,-0.493724,0.957930,0.660000,1.000000,0.200000,-0.200000,-0.400000,0.895451
317,1.337565,-1.516454,0.965639,0.877594,-0.492301,0.674778,0.660000,1.000000,0.180000,-0.200000,-0.400000,0.877594
318,1.346606,-1.512037,0.972387,0.861307,-0.487846,0.407718,0.660000,1.000000,0.260000,-0.200000,-0.400000,0.861307
319,1.355489,-1.507669,0.976464,0.846472,-0.480711,0.152758,0.640000,1.000000,0.260000,-0.200000,-0.400000,0.846472
320,1.364212,-1.503348,0.977992,0.832974,-0.471177,-0.093468,0.640000,1.000000,0.260000,-0.200000,-0.400000,0.832974
321,1.372773,-1.499072,0.977057,0.820703,-0.459473,-0.333826,0.640000,0.980000,0.340000,-0.200000,-0.400000,0.820703
322,1.381173,-1.494840,0.973719,0.809548,-0.445782,-0.570784,0.620000,0.960000,0.340000,-0.400000,-0.400000,0.809548
323,1.389411,-1.490651,0.968011,0.785401,-0.430255,-0.806481,0.600000,0.940000,0.340000,-0.400000,-0.200000,0.785401
324,1.397408,-1.486621,0.959946,0.762294,-0.408986,-0.867399,0.600000,0.920000,0.460000,0.000000,0.200000,0.762294
325,1.405131,-1.482722,0.951272,0.763878,-0.385314,-0.834346,0.580000,0.900000,1.000000,0.200000,0.200000,0.763878
326,1.412703,-1.478740,0.942928,0.779140,-0.362010,-0.799659,0.580000,0.880000,1.000000,0.200000,0.200000,0.779140
327,1.420210,-1.474561,0.934932,0.794095,-0.339047,-0.762311,0.560000,0.860000,1.000000,0.200000,0.200000,0.794095
328,1.427654,-1.470186,0.927309,0.808755,-0.316494,-0.721568,0.560000,0.840000,1.000000,0.200000,0.200000,0.808755
329,1.435038,-1.465615,0.920093,0.823132,-0.294430,-0.676619,0.540000,0.820000,1.000000,0.200000,0.400000,0.823132
330,1.442367,-1.460849,0.913327,0.835283,-0.273014,-0.629583,0.540000,0.800000,1.000000,0.000000,0.400000,0.835283
331,1.449632,-1.455906,0.907031,0.833178,-0.252179,-0.573513,0.520000,0.780000,1.000000,0.000000,0.400000,0.833178
332,1.456752,-1.450897,0.901296,0.830817,-0.232069,-0.509205,0.520000,0.780000,1.000000,0.000000,0.400000,0.830817
333,1.463727,-1.445822,0.896204,0.828212,-0.212776,-0.435931,0.520000,0.760000,1.000000,-0.200000,0.200000,0.828212
334,1.470562,-1.440683,0.891845,0.813351,-0.194630,-0.363261,0.500000,0.740000,1.000000,0.000000,0.400000,0.813351
335,1.477184,-1.435576,0.888212,0.810313,-0.177151,-0.272362,0.500000,0.740000,1.000000,0.000000,0.400000,0.810313
336,1.483670,-1.430406,0.885488,0.807076,-0.160737,-0.171439,0.500000,0.720000,1.000000,0.000000,0.400000,0.807076
337,1.490023,-1.425174,0.883774,0.803659,-0.145466,-0.060730,0.480000,0.720000,1.000000,0.000000,0.400000,0.803659
338,1.496245,-1.419883,0.883167,0.800084,-0.131408,0.059152,0.480000,0.700000,1.000000,0.000000,0.400000,0.800084
339,1.502338,-1.414535,0.883758,0.796374,-0.118615,0.187223,0.480000,0.700000,1.000000,0.000000,0.400000,0.796374
340,1.508306,-1.409130,0.885630,0.792552,-0.107124,0.322169,0.460000,0.700000,1.000000,0.000000,0.400000,0.792552
341,1.514151,-1.403671,0.888852,0.788641,-0.096950,0.462414,0.460000,0.700000,1.000000,0.000000,0.400000,0.788641
342,1.519875,-1.398160,0.893476,0.784661,-0.088092,0.606210,0.460000,0.680000,1.000000,0.000000,0.400000,0.784661
343,1.525479,-1.392597,0.899538,0.780629,-0.080528,0.751739,0.460000,0.680000,1.000000,0.000000,0.400000,0.780629
344,1.530964,-1.386986,0.907056,0.776559,-0.074222,0.897198,0.460000,0.680000,1.000000,0.000000,0.400000,0.776559
345,1.536333,-1.381326,0.916028,0.772461,-0.069118,1.040889,0.440000,0.680000,1.000000,0.000000,0.400000,0.772461
346,1.541586,-1.375620,0.926437,0.768340,-0.065153,1.181275,0.440000,0.680000,1.000000,0.200000,0.600000,0.768340
347,1.546722,-1.369868,0.938249,0.776182,-0.062309,1.314547,0.440000,0.700000,1.000000,0.200000,0.600000,0.776182
348,1.551813,-1.363977,0.951395,0.783988,-0.060597,1.446183,0.440000,0.700000,1.000000,0.200000,0.600000,0.783988
349,1.556858,-1.357945,0.965857,0.791748,-0.059991,1.574752,0.440000,0.700000,1.000000,0.200000,0.600000,0.791748
350,1.561854,-1.351774,0.981604,0.799448,-0.060454,1.699032,0.440000,0.720000,1.000000,0.200000,0.600000,0.799448
351,1.566799,-1.345463,0.998595,0.807072,-0.061943,1.818019,0.440000,0.720000,1.000000,0.000000,0.400000,0.807072
352,1.571690,-1.339013,1.016775,0.802653,-0.064482,1.927782,0.440000,0.740000,1.000000,0.000000,0.400000,0.802653
353,1.576461,-1.332527,1.036053,0.798119,-0.067645,2.028389,0.440000,0.760000,1.000000,0.000000,0.400000,0.798119
354,1.581111,-1.326004,1.056336,0.793456,-0.071334,2.120087,0.460000,0.780000,1.000000,0.200000,0.400000,0.793456
355,1.585636,-1.319448,1.077537,0.802649,-0.075462,2.203244,0.500000,0.800000,1.000000,0.200000,0.400000,0.802649
356,1.590101,-1.312736,1.099570,0.811684,-0.080316,2.281119,0.520000,0.780000,1.000000,0.200000,0.400000,0.811684
357,1.594502,-1.305868,1.122381,0.820538,-0.085852,2.353766,0.520000,0.760000,1.000000,0.200000,0.400000,0.820538
358,1.598833,-1.298846,1.145919,0.829191,-0.092027,2.421303,0.520000,0.780000,1.000000,0.200000,0.400000,0.829191
359,1.603089,-1.291671,1.170132,0.837621,-0.098799,2.483898,0.540000,0.820000,1.000000,0.200000,0.400000,0.837621
360,1.607266,-1.284343,1.194971,0.845807,-0.106129,2.541754,0.540000,0.860000,1.000000,0.200000,0.400000,0.845807
361,1.611358,-1.276865,1.220388,0.853730,-0.113978,2.595100,0.560000,0.840000,1.000000,0.200000,0.400000,0.853730
362,1.615359,-1.269238,1.246339,0.861373,-0.122312,2.644180,0.560000,0.840000,1.000000,0.200000,0.400000,0.861373
363,1.619264,-1.261463,1.272781,0.868718,-0.131094,2.689247,0.580000,0.920000,1.000000,0.200000,0.200000,0.868718
364,1.623068,-1.253544,1.299673,0.877828,-0.141870,2.663062,0.600000,0.920000,1.000000,0.200000,0.200000,0.877828
365,1.626786,-1.245466,1.326304,0.886645,-0.152369,2.640200,0.620000,0.920000,1.000000,0.200000,0.400000,0.886645
366,1.630410,-1.237233,1.352706,0.893119,-0.161286,2.677937,0.640000,1.000000,0.500000,0.000000,0.000000,0.893119
367,1.633917,-1.228862,1.379485,0.888732,-0.175935,2.483314,0.660000,1.000000,0.440000,0.000000,0.000000,0.888732
368,1.637335,-1.220471,1.404319,0.884296,-0.188001,2.310736,0.680000,1.000000,0.400000,0.000000,0.000000,0.884296
369,1.640654,-1.212062,1.427426,0.879885,-0.197842,2.156159,0.700000,1.000000,0.360000,-0.200000,0.000000,0.879885
370,1.643869,-1.203636,1.448987,0.861553,-0.205749,2.016311,0.680000,1.000000,0.340000,-0.200000,-0.600000,0.861553
371,1.646958,-1.195334,1.469151,0.838561,-0.223318,1.387099,0.680000,1.000000,0.320000,-0.200000,-0.600000,0.838561
372,1.650031,-1.187219,1.483022,0.816838,-0.234797,0.769448,0.680000,1.000000,0.320000,-0.200000,-0.600000,0.816838
373,1.653086,-1.179288,1.490716,0.796636,-0.240616,0.166835,0.680000,1.000000,0.320000,-0.200000,-0.600000,0.796636
374,1.656122,-1.171539,1.492384,0.778066,-0.241227,-0.417966,0.680000,1.000000,0.320000,-0.200000,-0.600000,0.778066
375,1.659136,-1.163971,1.488205,0.761119,-0.237095,-0.982586,0.660000,1.000000,0.340000,-0.200000,-0.600000,0.761119
376,1.662127,-1.156582,1.478379,0.745675,-0.228706,-1.524558,0.640000,1.000000,0.360000,0.000000,-0.400000,0.745675
377,1.665092,-1.149368,1.463133,0.748526,-0.212728,-1.876112,0.640000,1.000000,0.400000,0.000000,-0.400000,0.748526
378,1.668012,-1.142155,1.444372,0.751787,-0.194857,-2.210106,0.640000,1.000000,0.440000,-0.200000,-0.400000,0.751787
379,1.670892,-1.134942,1.422271,0.741235,-0.175447,-2.521448,0.640000,0.980000,1.000000,0.200000,0.000000,0.741235
380,1.673724,-1.127871,1.397057,0.759611,-0.145482,-2.390964,0.620000,0.920000,1.000000,0.200000,0.200000,0.759611
381,1.676470,-1.120641,1.373147,0.775299,-0.115882,-2.162047,0.580000,0.920000,1.000000,0.200000,0.200000,0.775299
382,1.679129,-1.113267,1.351527,0.790078,-0.088934,-1.902092,0.560000,0.820000,1.000000,0.200000,0.200000,0.790078
383,1.681716,-1.105748,1.332506,0.804118,-0.064899,-1.619735,0.540000,0.800000,1.000000,0.200000,0.200000,0.804118
384,1.684244,-1.098088,1.316308,0.817604,-0.043937,-1.324749,0.520000,0.800000,1.000000,0.000000,0.200000,0.817604
385,1.686728,-1.090286,1.303061,0.816713,-0.026110,-1.026406,0.520000,0.800000,1.000000,0.200000,0.200000,0.816713
386,1.689140,-1.082478,1.292797,0.829601,-0.011527,-0.731478,0.500000,0.780000,1.000000,0.200000,0.400000,0.829601
387,1.691528,-1.074533,1.285482,0.840305,0.001877,-0.370207,0.500000,0.740000,1.000000,0.200000,0.400000,0.840305
388,1.693875,-1.066464,1.281780,0.851003,0.012067,-0.015046,0.480000,0.720000,1.000000,0.200000,0.400000,0.851003
389,1.696185,-1.058272,1.281629,0.861786,0.019149,0.328512,0.480000,0.720000,1.000000,0.200000,0.400000,0.861786
390,1.698459,-1.049958,1.284915,0.872706,0.023273,0.656139,0.480000,0.720000,1.000000,0.200000,0.400000,0.872706
391,1.700696,-1.041519,1.291476,0.883775,0.024622,0.964573,0.480000,0.740000,1.000000,0.200000,0.400000,0.883775
392,1.702896,-1.032956,1.301122,0.894975,0.023403,1.251521,0.480000,0.740000,1.000000,0.200000,0.400000,0.894975
393,1.705055,-1.024268,1.313637,0.906261,0.019836,1.515568,0.500000,0.740000,1.000000,0.200000,0.400000,0.906261
394,1.707168,-1.015453,1.328793,0.917569,0.014143,1.756080,0.500000,0.720000,1.000000,0.200000,0.400000,0.917569
395,1.709230,-1.006510,1.346353,0.928827,0.006543,1.973116,0.520000,0.720000,1.000000,0.200000,0.400000,0.928827
396,1.711233,-0.997440,1.366085,0.939952,-0.002755,2.167311,0.520000,0.760000,1.000000,0.200000,0.400000,0.939952
397,1.713171,-0.988243,1.387758,0.950866,-0.013556,2.339765,0.500000,0.820000,1.000000,0.200000,0.400000,0.950866
398,1.715035,-0.978918,1.411155,0.961490,-0.025681,2.491906,0.500000,0.800000,1.000000,0.200000,0.400000,0.961490
399,1.716817,-0.969466,1.436074,0.971753,-0.038969,2.625375,0.500000,0.800000,1.000000,0.200000,0.400000,0.971753
400,1.718508,-0.959889,1.462328,0.981589,-0.053277,2.741914,0.520000,0.940000,1.000000,0.200000,0.200000,0.981589
401,1.720101,-0.950188,1.489747,0.993083,-0.071072,2.732204,0.540000,0.940000,1.000000,0.200000,0.200000,0.993083
402,1.721613,-0.940348,1.517069,1.004014,-0.088344,2.722760,0.560000,1.000000,1.000000,0.400000,0.400000,1.004014
403,1.723034,-0.930369,1.544297,1.026292,-0.103021,2.805481,0.560000,1.000000,1.000000,0.400000,0.400000,1.026292
404,1.724336,-0.920137,1.572352,1.048043,-0.118827,2.880202,0.540000,1.000000,0.880000,0.400000,0.400000,1.048043
405,1.725508,-0.909655,1.601154,1.069222,-0.135709,2.947538,0.580000,1.000000,0.720000,0.200000,0.000000,1.069222
406,1.726540,-0.898927,1.630629,1.079124,-0.160079,2.731812,0.640000,1.000000,0.560000,0.200000,0.000000,1.079124
407,1.727493,-0.888059,1.657947,1.088652,-0.181384,2.541752,0.620000,1.000000,0.540000,0.000000,0.200000,1.088652
408,1.728352,-0.877056,1.683365,1.082529,-0.196036,2.544700,0.600000,1.000000,0.420000,0.000000,0.000000,1.082529
409,1.729084,-0.866079,1.708812,1.077441,-0.214013,2.383524,0.660000,1.000000,0.400000,0.000000,-0.200000,1.077441
410,1.729722,-0.855112,1.732647,1.071838,-0.235296,1.988070,0.700000,1.000000,0.380000,-0.200000,-0.400000,1.071838
411,1.730317,-0.844155,1.752528,1.050683,-0.255758,1.432166,0.700000,1.000000,0.380000,-0.200000,-0.400000,1.050683
412,1.730933,-0.833359,1.766849,1.030823,-0.269228,0.900711,0.680000,1.000000,0.360000,-0.400000,-0.200000,1.030823
413,1.731566,-0.822724,1.775856,1.000502,-0.270990,0.622142,0.680000,1.000000,0.360000,-0.400000,-0.200000,1.000502
414,1.732182,-0.812376,1.782078,0.971021,-0.269201,0.363424,0.700000,1.000000,0.360000,-0.400000,-0.200000,0.971021
415,1.732777,-0.802318,1.785712,0.942329,-0.264359,0.121500,0.720000,1.000000,0.360000,0.000000,-0.400000,0.942329
416,1.733351,-0.792547,1.786927,0.940455,-0.262483,-0.345045,0.720000,1.000000,0.360000,-0.400000,-0.400000,0.940455
417,1.733897,-0.782799,1.783477,0.911930,-0.256111,-0.790299,0.700000,1.000000,0.360000,0.000000,-0.400000,0.911930
418,1.734476,-0.773344,1.775574,0.912686,-0.245573,-1.211408,0.660000,1.000000,0.440000,-0.400000,-0.400000,0.912686
419,1.735024,-0.763909,1.763460,0.886408,-0.231502,-1.613721,0.620000,1.000000,0.460000,0.000000,0.000000,0.886408
420,1.735599,-0.754765,1.747322,0.890076,-0.204581,-1.571254,0.620000,1.000000,0.460000,0.200000,0.000000,0.890076
421,1.736050,-0.745644,1.731610,0.907223,-0.178947,-1.521325,0.620000,1.000000,0.560000,0.000000,0.000000,0.907223
422,1.736364,-0.736402,1.716397,0.909875,-0.154671,-1.463601,0.620000,1.000000,0.580000,0.000000,0.000000,0.909875
423,1.736574,-0.727175,1.701761,0.912068,-0.132010,-1.398072,0.600000,1.000000,0.600000,0.200000,0.000000,0.912068
424,1.736692,-0.717960,1.687780,0.927843,-0.111077,-1.325578,0.580000,1.000000,0.700000,0.000000,0.000000,0.927843
425,1.736712,-0.708615,1.674524,0.929242,-0.091851,-1.248324,0.540000,1.000000,0.720000,0.000000,0.200000,0.929242
426,1.736664,-0.699278,1.662041,0.928807,-0.070987,-1.019225,0.520000,1.000000,0.740000,0.200000,0.200000,0.928807
427,1.736524,-0.689964,1.651849,0.942021,-0.053076,-0.782499,0.500000,1.000000,0.840000,0.200000,0.400000,0.942021
428,1.736291,-0.680532,1.644024,0.952936,-0.036620,-0.484012,0.500000,1.000000,0.860000,0.400000,0.400000,0.952936
429,1.735959,-0.671001,1.639183,0.977678,-0.023326,-0.180301,0.480000,1.000000,0.880000,0.400000,0.400000,0.977678
430,1.735523,-0.661231,1.637380,1.002346,-0.013170,0.123173,0.480000,1.000000,0.880000,0.400000,0.400000,1.002346
431,1.734988,-0.651221,1.638612,1.027012,-0.006172,0.421534,0.480000,1.000000,0.860000,0.200000,0.400000,1.027012
432,1.734353,-0.640970,1.642828,1.037716,-0.002311,0.710790,0.500000,1.000000,0.860000,0.200000,0.400000,1.037716
433,1.733630,-0.630618,1.649935,1.048468,-0.001416,0.987139,0.500000,1.000000,0.840000,0.200000,0.400000,1.048468
434,1.732815,-0.620165,1.659807,1.059252,-0.003312,1.247939,0.520000,1.000000,0.820000,0.400000,0.400000,1.059252
435,1.731906,-0.609612,1.672286,1.084027,-0.007805,1.491267,0.520000,1.000000,0.800000,0.200000,0.200000,1.084027
436,1.730886,-0.598820,1.687199,1.096875,-0.017591,1.602662,0.500000,1.000000,0.780000,0.200000,0.200000,1.096875
437,1.729786,-0.587905,1.703225,1.109526,-0.028277,1.702082,0.500000,1.000000,0.660000,0.200000,0.000000,1.109526
438,1.728602,-0.576869,1.720246,1.122939,-0.045248,1.555092,0.500000,1.000000,0.640000,0.000000,0.200000,1.122939
439,1.727377,-0.565698,1.735797,1.121050,-0.054596,1.646321,0.540000,1.000000,0.620000,0.000000,0.200000,1.121050
440,1.726074,-0.554550,1.752260,1.118942,-0.064497,1.727015,0.600000,1.000000,0.600000,0.000000,0.200000,1.118942
441,1.724689,-0.543428,1.769531,1.116593,-0.074819,1.798046,0.620000,1.000000,0.580000,0.000000,0.200000,1.116593
442,1.723218,-0.532334,1.787511,1.113984,-0.085449,1.860304,0.600000,1.000000,0.560000,0.000000,0.200000,1.113984
443,1.721658,-0.521271,1.806114,1.111101,-0.096288,1.914674,0.600000,1.000000,0.540000,0.000000,0.000000,1.111101
444,1.720003,-0.510241,1.825261,1.109152,-0.112125,1.753565,0.680000,1.000000,0.540000,0.200000,0.000000,1.109152
445,1.718296,-0.499225,1.842796,1.121081,-0.125359,1.605850,0.860000,1.000000,0.440000,0.200000,-0.200000,1.121081
446,1.716492,-0.488089,1.858855,1.132208,-0.142430,1.220778,0.880000,1.000000,0.500000,0.200000,-0.200000,1.132208
447,1.714641,-0.476829,1.871063,1.143734,-0.154642,0.860259,0.880000,1.000000,0.420000,0.200000,-0.200000,1.143734
448,1.712735,-0.465446,1.879665,1.155770,-0.162388,0.522999,0.860000,1.000000,0.420000,0.200000,-0.200000,1.155770
449,1.710769,-0.453942,1.884895,1.168364,-0.166048,0.207170,0.900000,1.000000,0.480000,0.200000,-0.200000,1.168364
450,1.708739,-0.442317,1.886967,1.181516,-0.165975,-0.089049,1.000000,1.000000,0.480000,-0.200000,-0.200000,1.181516
451,1.706642,-0.430571,1.886077,1.167189,-0.162497,-0.367160,1.000000,1.000000,0.480000,-0.200000,-0.200000,1.167189
452,1.704568,-0.418971,1.882405,1.153348,-0.155842,-0.627563,0.980000,1.000000,0.480000,-0.200000,-0.200000,1.153348
453,1.702515,-0.407515,1.876129,1.139906,-0.146456,-0.870441,0.880000,1.000000,0.480000,0.200000,-0.200000,1.139906
454,1.700486,-0.396203,1.867425,1.154762,-0.134765,-1.095589,0.800000,1.000000,0.480000,0.000000,-0.200000,1.154762
455,1.698399,-0.384765,1.856469,1.155778,-0.121038,-1.303838,0.800000,1.000000,0.480000,0.000000,-0.200000,1.155778
456,1.696303,-0.373335,1.843431,1.156858,-0.105630,-1.494013,0.800000,1.000000,0.480000,0.000000,-0.200000,1.156858
457,1.694206,-0.361909,1.828490,1.157887,-0.088853,-1.665565,0.780000,1.000000,0.560000,-0.200000,-0.200000,1.157887
458,1.692114,-0.350486,1.811835,1.144758,-0.071006,-1.818161,0.780000,1.000000,0.580000,-0.200000,-0.200000,1.144758
459,1.690071,-0.339200,1.793653,1.131386,-0.052583,-1.950517,0.700000,1.000000,0.580000,0.200000,0.000000,1.131386
460,1.688083,-0.328050,1.774148,1.146303,-0.027988,-1.809843,0.620000,1.000000,0.600000,0.000000,0.000000,1.146303
461,1.686042,-0.316767,1.756050,1.146697,-0.006050,-1.672651,0.560000,1.000000,0.620000,0.000000,0.000000,1.146697
462,1.683989,-0.305485,1.739323,1.146686,0.013144,-1.539607,0.520000,1.000000,0.640000,0.000000,0.200000,1.146686
463,1.681936,-0.294202,1.723927,1.145187,0.034772,-1.198867,0.500000,1.000000,0.640000,-0.200000,0.200000,1.145187
464,1.679846,-0.282937,1.711938,1.129581,0.051657,-0.866579,0.480000,1.000000,0.660000,0.200000,0.200000,1.129581
465,1.677746,-0.271827,1.703273,1.142048,0.063917,-0.546176,0.460000,1.000000,0.660000,0.200000,0.200000,1.142048
466,1.675603,-0.260591,1.697811,1.154696,0.072183,-0.242726,0.460000,1.000000,0.660000,0.200000,0.200000,1.154696
467,1.673425,-0.249228,1.695384,1.167584,0.076745,0.042710,0.460000,1.000000,0.660000,0.200000,0.200000,1.167584
468,1.671212,-0.237738,1.695811,1.180730,0.077903,0.309756,0.480000,1.000000,0.660000,0.200000,0.200000,1.180730
469,1.668967,-0.226120,1.698908,1.194116,0.075959,0.558392,0.480000,1.000000,0.740000,0.200000,0.200000,1.194116
470,1.666688,-0.214374,1.704492,1.207701,0.071209,0.788763,0.500000,1.000000,0.640000,0.200000,0.400000,1.207701
471,1.664373,-0.202500,1.712380,1.219252,0.067241,1.142472,0.540000,1.000000,0.620000,0.200000,0.200000,1.219252
472,1.661986,-0.190524,1.723805,1.233202,0.055893,1.328394,0.580000,1.000000,0.620000,0.200000,0.200000,1.233202
473,1.659554,-0.178421,1.737088,1.247094,0.042732,1.496738,0.620000,1.000000,0.600000,0.200000,0.200000,1.247094
474,1.657069,-0.166193,1.752056,1.260842,0.027994,1.648025,0.640000,1.000000,0.580000,0.200000,0.200000,1.260842
475,1.654521,-0.153842,1.768536,1.274363,0.011897,1.782952,0.620000,1.000000,0.560000,0.000000,0.200000,1.274363
476,1.651900,-0.141370,1.786366,1.273582,-0.005361,1.902406,0.600000,1.000000,0.540000,-0.200000,0.000000,1.273582
477,1.649228,-0.128917,1.805390,1.259342,-0.029000,1.763467,0.720000,1.000000,0.520000,0.200000,-0.200000,1.259342
478,1.646583,-0.116601,1.823024,1.271548,-0.054573,1.409918,0.860000,1.000000,0.500000,0.400000,0.000000,1.271548
479,1.643938,-0.104152,1.837123,1.298641,-0.069562,1.297390,1.000000,1.000000,0.480000,0.200000,-0.200000,1.298641
480,1.641192,-0.091440,1.850097,1.310622,-0.088392,0.955379,1.000000,1.000000,0.480000,0.200000,-0.200000,1.310622
481,1.638428,-0.078598,1.859651,1.322760,-0.102255,0.627523,1.000000,1.000000,0.460000,0.200000,-0.200000,1.322760
482,1.635640,-0.065627,1.865926,1.335181,-0.111439,0.315450,1.000000,1.000000,0.460000,0.200000,-0.200000,1.335181
483,1.632823,-0.052529,1.869081,1.347957,-0.116254,0.019820,1.000000,1.000000,0.460000,0.200000,-0.200000,1.347957
484,1.629973,-0.039303,1.869279,1.361107,-0.117018,-0.259222,1.000000,1.000000,0.440000,-0.200000,-0.200000,1.361107
485,1.627089,-0.025949,1.866687,1.346610,-0.114045,-0.521722,1.000000,1.000000,0.440000,-0.200000,-0.200000,1.346610
486,1.624253,-0.012736,1.861470,1.332432,-0.107694,-0.767690,1.000000,1.000000,0.440000,-0.200000,-0.200000,1.332432
487,1.621466,0.000338,1.853793,1.318498,-0.098411,-0.996519,0.980000,1.000000,0.440000,-0.200000,-0.200000,1.318498
488,1.618729,0.013273,1.843828,1.304716,-0.086631,-1.207575,0.960000,1.000000,0.440000,0.000000,-0.200000,1.304716
489,1.616045,0.026071,1.831752,1.304984,-0.072780,-1.400241,0.960000,1.000000,0.460000,0.200000,-0.200000,1.304984
490,1.613381,0.038867,1.817749,1.319191,-0.057100,-1.574701,0.940000,1.000000,0.520000,0.200000,0.000000,1.319191
491,1.610710,0.051798,1.802002,1.333942,-0.033835,-1.480327,0.940000,1.000000,0.540000,0.200000,0.000000,1.333942
492,1.607983,0.064860,1.787199,1.348291,-0.012712,-1.386250,0.860000,1.000000,0.540000,0.200000,-0.200000,1.348291
493,1.605212,0.078056,1.773337,1.361407,0.000679,-1.536538,0.800000,1.000000,0.560000,0.000000,0.000000,1.361407
494,1.602467,0.091390,1.757971,1.361238,0.021314,-1.431689,0.740000,1.000000,0.560000,0.000000,0.000000,1.361238
495,1.599724,0.104725,1.743654,1.360775,0.039569,-1.329577,0.700000,1.000000,0.580000,0.200000,0.200000,1.360775
496,1.596994,0.118062,1.730359,1.373017,0.060916,-1.003425,0.660000,1.000000,0.580000,0.200000,0.200000,1.373017
497,1.594211,0.131521,1.720324,1.385266,0.077250,-0.686586,0.640000,1.000000,0.580000,-0.200000,0.200000,1.385266
498,1.591384,0.145104,1.713459,1.369677,0.088794,-0.381878,0.620000,1.000000,0.580000,-0.200000,0.200000,1.369677
499,1.588557,0.158535,1.709640,1.354357,0.095635,-0.089933,0.620000,1.000000,0.580000,-0.200000,0.200000,1.354357
500,1.585736,0.171816,1.708740,1.339353,0.098206,0.187574,0.640000,1.000000,0.580000,0.000000,0.200000,1.339353
501,1.582921,0.184947,1.710616,1.338668,0.096952,0.449495,0.660000,1.000000,0.580000,0.200000,0.200000,1.338668
502,1.580096,0.198068,1.715111,1.352259,0.092301,0.694939,0.680000,1.000000,0.560000,0.200000,0.200000,1.352259
503,1.577237,0.211318,1.722060,1.366058,0.084565,0.923629,0.720000,1.000000,0.560000,0.400000,0.200000,1.366058
504,1.574343,0.224695,1.731297,1.393985,0.074035,1.135489,0.760000,1.000000,0.540000,0.400000,0.200000,1.393985
505,1.571384,0.238337,1.742652,1.421940,0.060864,1.330862,0.800000,1.000000,0.520000,0.200000,0.200000,1.421940
506,1.568353,0.252243,1.755960,1.435823,0.045255,1.509945,0.780000,1.000000,0.520000,0.200000,0.200000,1.435823
507,1.565265,0.266273,1.771060,1.449535,0.027605,1.672331,0.760000,1.000000,0.500000,0.200000,0.200000,1.449535
508,1.562111,0.280423,1.787783,1.462976,0.008166,1.818296,0.840000,1.000000,0.480000,0.400000,0.000000,1.462976
509,1.558881,0.294692,1.805966,1.490942,-0.018515,1.704933,0.820000,1.000000,0.460000,0.200000,0.000000,1.490942
510,1.555587,0.309235,1.823015,1.504436,-0.042890,1.595355,0.800000,1.000000,0.440000,0.000000,0.200000,1.504436
511,1.552248,0.323910,1.838969,1.502491,-0.059509,1.717828,0.880000,1.000000,0.420000,0.200000,0.000000,1.502491
512,1.548841,0.338556,1.856147,1.515276,-0.082579,1.602767,0.860000,1.000000,0.420000,0.200000,0.000000,1.515276
513,1.545368,0.353328,1.872175,1.527756,-0.103231,1.493297,0.880000,1.000000,0.400000,0.200000,0.000000,1.527756
514,1.541819,0.368223,1.887108,1.540015,-0.121642,1.389574,0.880000,1.000000,0.380000,0.200000,0.000000,1.540015
515,1.538185,0.383238,1.901004,1.552123,-0.137982,1.291502,0.860000,1.000000,0.380000,0.200000,0.000000,1.552123
516,1.534457,0.398368,1.913919,1.564135,-0.152413,1.198836,0.940000,1.000000,0.360000,0.000000,-0.200000,1.564135
517,1.530630,0.413610,1.925907,1.561371,-0.170950,0.860177,0.920000,1.000000,0.360000,0.000000,-0.200000,1.561371
518,1.526804,0.428844,1.934509,1.559062,-0.183567,0.535892,0.900000,1.000000,0.340000,0.000000,-0.200000,1.559062
519,1.522974,0.444068,1.939868,1.557317,-0.190688,0.226348,0.900000,1.000000,0.340000,0.000000,-0.200000,1.557317
520,1.519134,0.459280,1.942131,1.556184,-0.192737,-0.068655,0.960000,1.000000,0.340000,-0.200000,-0.400000,1.556184
521,1.515283,0.474481,1.941445,1.539473,-0.194109,-0.520045,0.960000,1.000000,0.340000,-0.200000,-0.400000,1.539473
522,1.511516,0.489533,1.936244,1.523708,-0.188584,-0.955598,0.940000,1.000000,0.320000,-0.200000,-0.400000,1.523708
523,1.507832,0.504438,1.926688,1.508777,-0.176735,-1.371842,0.840000,1.000000,0.320000,0.000000,-0.200000,1.508777
524,1.504232,0.519196,1.912970,1.510658,-0.154931,-1.583446,0.840000,1.000000,0.320000,0.000000,-0.200000,1.510658
525,1.500623,0.533947,1.897135,1.512505,-0.130785,-1.779788,0.820000,1.000000,0.340000,0.000000,-0.200000,1.512505
526,1.497013,0.548693,1.879337,1.514156,-0.104635,-1.959471,0.820000,1.000000,0.340000,0.000000,-0.200000,1.514156
527,1.493412,0.563437,1.859743,1.515451,-0.076826,-2.121286,0.760000,1.000000,0.340000,-0.200000,-0.200000,1.515451
528,1.489830,0.578183,1.838530,1.502242,-0.047697,-2.264460,0.700000,1.000000,0.340000,-0.200000,-0.200000,1.502242
529,1.486316,0.592796,1.815885,1.488403,-0.017878,-2.387807,0.700000,1.000000,0.340000,-0.200000,-0.200000,1.488403
530,1.482878,0.607279,1.792007,1.473829,0.012272,-2.491754,0.680000,0.940000,0.360000,0.000000,0.000000,1.473829
531,1.479524,0.621631,1.767090,1.473337,0.048117,-2.334308,0.640000,0.940000,0.360000,-0.400000,0.000000,1.473337
532,1.476179,0.635987,1.743747,1.444029,0.080154,-2.182025,0.640000,0.920000,0.380000,0.000000,0.000000,1.444029
533,1.472904,0.650074,1.721926,1.442102,0.107954,-2.034631,0.620000,0.860000,0.380000,-0.200000,0.200000,1.442102
534,1.469666,0.664168,1.701580,1.424798,0.138111,-1.655002,0.620000,0.840000,0.400000,-0.200000,0.200000,1.424798
535,1.466438,0.678115,1.685030,1.407551,0.161470,-1.288490,0.600000,0.840000,0.400000,0.000000,0.200000,1.407551
536,1.463230,0.691914,1.672145,1.404641,0.178524,-0.938226,0.600000,0.820000,0.400000,-0.200000,0.200000,1.404641
537,1.460033,0.705708,1.662763,1.388245,0.190001,-0.605772,0.580000,0.800000,1.000000,0.200000,0.400000,1.388245
538,1.456866,0.719357,1.656705,1.398287,0.200180,-0.120569,0.580000,0.800000,1.000000,0.200000,0.400000,1.398287
539,1.453672,0.733117,1.655499,1.409336,0.203518,0.348936,0.560000,0.780000,1.000000,0.200000,0.600000,1.409336
540,1.450451,0.746988,1.658989,1.419021,0.201563,0.853730,0.560000,0.780000,1.000000,0.200000,0.600000,1.419021
541,1.447194,0.760945,1.667526,1.429745,0.192712,1.339842,0.540000,0.760000,1.000000,0.200000,0.600000,1.429745
542,1.443895,0.774990,1.680924,1.441337,0.177289,1.801780,0.540000,0.760000,1.000000,0.200000,0.600000,1.441337
543,1.440548,0.789121,1.698942,1.453528,0.155701,2.233559,0.560000,0.740000,1.000000,0.200000,0.600000,1.453528
544,1.437147,0.803338,1.721278,1.465970,0.128444,2.628996,0.540000,0.780000,1.000000,0.000000,0.400000,1.465970
545,1.433679,0.817639,1.747568,1.466614,0.094965,2.933996,0.560000,0.760000,0.300000,0.000000,0.200000,1.466614
546,1.430165,0.831910,1.776908,1.468748,0.054292,3.030858,0.600000,0.760000,0.280000,0.000000,0.200000,1.468748
547,1.426628,0.846175,1.807216,1.469596,0.013860,3.108726,0.580000,0.760000,0.260000,0.000000,0.200000,1.469596
548,1.423051,0.860430,1.838304,1.469092,-0.026108,3.169018,0.640000,0.780000,0.240000,0.000000,0.200000,1.469092
549,1.419420,0.874668,1.869994,1.467201,-0.065444,3.214067,0.640000,0.780000,0.240000,0.000000,0.200000,1.467201
550,1.415720,0.888881,1.902134,1.463917,-0.104028,3.246598,0.620000,0.820000,0.220000,-0.200000,0.200000,1.463917
551,1.411942,0.903062,1.934600,1.445252,-0.141786,3.269313,0.600000,0.820000,0.200000,0.000000,0.200000,1.445252
552,1.408124,0.917073,1.967294,1.439236,-0.178179,3.283295,0.640000,0.820000,0.200000,-0.200000,0.200000,1.439236
553,1.404209,0.931037,2.000127,1.417920,-0.213672,3.292195,0.620000,0.860000,0.180000,-0.200000,0.000000,1.417920
554,1.400250,0.944819,2.033048,1.396714,-0.252000,3.115590,0.620000,0.860000,0.180000,-0.200000,0.200000,1.396714
555,1.396277,0.958444,2.064204,1.373241,-0.282153,3.121575,0.640000,0.860000,0.160000,-0.200000,0.200000,1.373241
556,1.392258,0.971875,2.095420,1.348762,-0.311091,3.125417,0.640000,0.860000,0.160000,-0.200000,0.200000,1.348762
557,1.388194,0.985107,2.126674,1.323322,-0.338825,3.128052,0.640000,0.880000,0.160000,0.000000,0.200000,1.323322
558,1.384089,0.998135,2.157955,1.310967,-0.365370,3.130204,0.620000,0.920000,0.140000,0.000000,0.200000,1.310967
559,1.379868,1.011074,2.189257,1.297739,-0.391223,3.132773,0.660000,0.940000,0.140000,0.000000,0.000000,1.297739
560,1.375532,1.023915,2.220585,1.285339,-0.418715,3.037085,0.660000,0.940000,0.120000,0.000000,0.000000,1.285339
561,1.371089,1.036683,2.250955,1.272482,-0.444052,2.954608,0.660000,0.940000,0.120000,0.000000,0.000000,1.272482
562,1.366539,1.049369,2.280502,1.259223,-0.467496,2.883406,0.700000,0.960000,0.120000,0.000000,0.000000,1.259223
563,1.361880,1.061967,2.309336,1.245608,-0.489264,2.821900,0.700000,0.980000,0.120000,0.000000,0.000000,1.245608
564,1.357112,1.074471,2.337555,1.231669,-0.509542,2.768803,0.680000,0.980000,0.100000,-0.200000,-0.400000,1.231669
565,1.352236,1.086877,2.365243,1.202662,-0.537872,2.321535,0.740000,1.000000,0.100000,0.000000,-0.200000,1.202662
566,1.347424,1.099141,2.388458,1.191013,-0.553406,2.152185,0.720000,1.000000,0.100000,0.000000,-0.200000,1.191013
567,1.342520,1.111324,2.409980,1.180021,-0.566237,1.998148,0.720000,1.000000,0.080000,0.000000,0.000000,1.180021
568,1.337523,1.123421,2.429961,1.168588,-0.573844,1.977620,0.720000,1.000000,0.120000,0.000000,0.000000,1.168588
569,1.332421,1.135398,2.449737,1.157123,-0.580887,1.959418,0.720000,1.000000,0.120000,0.000000,0.000000,1.157123
570,1.327216,1.147253,2.469332,1.145627,-0.587403,1.943369,0.720000,1.000000,0.120000,0.000000,0.000000,1.145627
571,1.321910,1.158984,2.488765,1.134100,-0.593428,1.929320,0.720000,1.000000,0.160000,0.000000,0.000000,1.134100
572,1.316506,1.170587,2.508059,1.122541,-0.598992,1.917137,0.720000,1.000000,0.140000,0.000000,0.000000,1.122541
573,1.311005,1.182060,2.527230,1.110950,-0.604126,1.906698,0.700000,1.000000,0.140000,-0.200000,0.200000,1.110950
574,1.305410,1.193400,2.546297,1.083437,-0.608203,1.925804,0.760000,1.000000,0.140000,-0.200000,0.000000,1.083437
575,1.299849,1.204511,2.565555,1.057624,-0.612512,1.919321,0.760000,1.000000,0.140000,-0.200000,0.000000,1.057624
576,1.294316,1.215409,2.584748,1.031773,-0.616159,1.915246,0.760000,1.000000,0.120000,-0.200000,0.000000,1.031773
577,1.288814,1.226093,2.603901,1.005881,-0.619177,1.913452,0.760000,1.000000,0.160000,-0.200000,0.000000,1.005881
578,1.283345,1.236562,2.623035,0.979947,-0.621596,1.913822,0.760000,1.000000,0.160000,-0.200000,0.000000,0.979947
579,1.277915,1.246818,2.642173,0.953969,-0.623444,1.916255,0.760000,1.000000,0.160000,-0.200000,0.000000,0.953969
580,1.272526,1.256860,2.661336,0.927944,-0.624745,1.920659,0.760000,1.000000,0.140000,0.000000,0.000000,0.927944
581,1.267183,1.266688,2.680542,0.915872,-0.625519,1.926952,0.760000,1.000000,0.140000,0.000000,0.000000,0.915872
582,1.261763,1.276364,2.699812,0.903746,-0.626087,1.934116,0.760000,1.000000,0.140000,0.000000,0.000000,0.903746
583,1.256270,1.285888,2.719153,0.891567,-0.626456,1.942127,0.780000,1.000000,0.140000,0.000000,-0.400000,0.891567
584,1.250707,1.295257,2.738574,0.881181,-0.631481,1.743588,0.780000,1.000000,0.180000,0.000000,-0.400000,0.881181
585,1.245078,1.304522,2.756010,0.872074,-0.634263,1.557205,0.780000,1.000000,0.160000,0.000000,-0.400000,0.872074
586,1.239383,1.313679,2.771582,0.864196,-0.635038,1.380273,0.780000,1.000000,0.160000,0.000000,-0.400000,0.864196
587,1.233622,1.322725,2.785385,0.857502,-0.633990,1.210557,0.780000,1.000000,0.160000,0.000000,-0.400000,0.857502
588,1.227796,1.331657,2.797491,0.851952,-0.631272,1.046168,0.780000,1.000000,0.160000,0.000000,-0.400000,0.851952
589,1.221906,1.340474,2.807952,0.847509,-0.627003,0.885479,0.780000,1.000000,0.140000,0.000000,-0.400000,0.847509
590,1.215951,1.349173,2.816807,0.844140,-0.621279,0.727048,0.780000,1.000000,0.140000,0.000000,-0.400000,0.844140
591,1.209934,1.357755,2.824078,0.841814,-0.614174,0.569572,0.780000,1.000000,0.200000,0.000000,-0.400000,0.841814
592,1.203854,1.366218,2.829773,0.840502,-0.605745,0.411836,0.780000,1.000000,0.260000,0.000000,-0.400000,0.840502
593,1.197713,1.374562,2.833892,0.840176,-0.596031,0.252688,0.760000,1.000000,0.240000,-0.200000,0.000000,0.840176
594,1.191511,1.382787,2.836419,0.824610,-0.580893,0.269152,0.760000,1.000000,0.240000,-0.200000,0.000000,0.824610
595,1.185391,1.390805,2.839110,0.808988,-0.565866,0.285207,0.740000,1.000000,0.240000,-0.200000,0.000000,0.808988
596,1.179354,1.398617,2.841962,0.793319,-0.550941,0.300840,0.740000,1.000000,0.240000,-0.200000,0.000000,0.793319
597,1.173400,1.406222,2.844971,0.777607,-0.536112,0.316040,0.740000,1.000000,0.220000,-0.200000,0.000000,0.777607
598,1.167531,1.413622,2.848131,0.761861,-0.521370,0.330790,0.720000,1.000000,0.220000,-0.200000,0.000000,0.761861
599,1.161746,1.420817,2.851439,0.746087,-0.506707,0.345073,0.720000,1.000000,0.300000,-0.200000,0.000000,0.746087
600,1.156047,1.427807,2.854890,0.730291,-0.492116,0.358870,0.720000,1.000000,0.360000,0.000000,0.000000,0.730291
601,1.150434,1.434592,2.858478,0.728480,-0.477589,0.372158,0.700000,1.000000,0.380000,0.200000,0.000000,0.728480
602,1.144773,1.441213,2.862200,0.740657,-0.463215,0.383959,0.700000,1.000000,0.360000,0.200000,0.000000,0.740657
603,1.138931,1.447708,2.866039,0.752832,-0.449087,0.393208,0.700000,1.000000,0.360000,0.200000,0.000000,0.752832
604,1.132909,1.454078,2.869972,0.765017,-0.435201,0.399779,0.700000,1.000000,0.360000,0.200000,0.000000,0.765017
605,1.126707,1.460323,2.873969,0.777228,-0.421551,0.403556,0.680000,1.000000,0.360000,0.200000,0.000000,0.777228
606,1.120326,1.466443,2.878005,0.789475,-0.408130,0.404430,0.680000,1.000000,0.340000,0.200000,0.000000,0.789475
607,1.113767,1.472441,2.882049,0.801771,-0.394929,0.402313,0.680000,1.000000,0.340000,0.200000,0.000000,0.801771
608,1.107031,1.478315,2.886072,0.814127,-0.381939,0.397131,0.680000,1.000000,0.340000,0.200000,0.000000,0.814127
609,1.100120,1.484068,2.890044,0.826554,-0.369150,0.388838,0.660000,1.000000,0.340000,0.200000,0.000000,0.826554
610,1.093033,1.489701,2.893932,0.839060,-0.356551,0.377413,0.660000,1.000000,0.320000,0.200000,0.000000,0.839060
611,1.085773,1.495215,2.897706,0.851654,-0.344130,0.362869,0.660000,1.000000,0.360000,0.200000,0.000000,0.851654
612,1.078339,1.500611,2.901335,0.864344,-0.331876,0.345258,0.660000,1.000000,0.380000,0.200000,0.000000,0.864344
613,1.070734,1.505891,2.904787,0.877134,-0.319776,0.324669,0.660000,1.000000,0.400000,0.200000,0.000000,0.877134
614,1.062957,1.511057,2.908034,0.890030,-0.307820,0.301238,0.640000,1.000000,0.440000,0.000000,0.000000,0.890030
615,1.055011,1.516112,2.911046,0.889035,-0.295994,0.275150,0.640000,1.000000,0.460000,0.000000,0.000000,0.889035
616,1.047032,1.521025,2.913798,0.888153,-0.284158,0.247440,0.640000,1.000000,0.480000,0.200000,0.200000,0.888153
617,1.039022,1.525799,2.916272,0.899611,-0.270729,0.285999,0.640000,1.000000,0.500000,0.200000,0.200000,0.899611
618,1.030858,1.530447,2.919132,0.911017,-0.257911,0.326867,0.640000,1.000000,0.520000,0.200000,0.200000,0.911017
619,1.022541,1.534973,2.922401,0.922373,-0.245744,0.370165,0.620000,1.000000,0.540000,0.200000,0.200000,0.922373
620,1.014073,1.539377,2.926103,0.933682,-0.234266,0.415960,0.620000,1.000000,0.540000,0.200000,0.200000,0.933682
621,1.005453,1.543662,2.930262,0.944948,-0.223515,0.464254,0.620000,1.000000,0.560000,0.200000,0.200000,0.944948
622,0.996682,1.547830,2.934905,0.956170,-0.213526,0.514981,0.620000,1.000000,0.560000,0.200000,0.200000,0.956170
623,0.987762,1.551882,2.940055,0.967351,-0.204331,0.568006,0.620000,1.000000,0.560000,0.200000,0.200000,0.967351
624,0.978694,1.555820,2.945735,0.978492,-0.195956,0.623124,0.620000,1.000000,0.560000,0.200000,0.200000,0.978492
625,0.969477,1.559646,2.951966,0.989593,-0.188424,0.680075,0.620000,1.000000,0.560000,0.200000,0.200000,0.989593
626,0.960114,1.563362,2.958767,1.000652,-0.181753,0.738547,0.620000,1.000000,0.560000,0.200000,0.200000,1.000652
627,0.950604,1.566969,2.966152,1.011669,-0.175954,0.798193,0.620000,1.000000,0.560000,0.200000,0.200000,1.011669
628,0.940950,1.570467,2.974134,1.022641,-0.171032,0.858642,0.620000,1.000000,0.540000,0.000000,0.200000,1.022641
629,0.931152,1.573858,2.982721,1.019564,-0.166987,0.919516,0.620000,1.000000,0.540000,0.200000,0.200000,1.019564
630,0.921349,1.577120,2.991916,1.030433,-0.163619,0.979100,0.640000,1.000000,0.520000,0.200000,0.200000,1.030433
631,0.911404,1.580274,3.001707,1.041248,-0.161096,1.038497,0.640000,1.000000,0.520000,0.200000,0.000000,1.041248
632,0.901318,1.583321,3.012092,1.053483,-0.163037,0.942088,0.640000,1.000000,0.500000,0.200000,0.200000,1.053483
633,0.891082,1.586298,3.021513,1.064365,-0.160483,1.005446,0.660000,1.000000,0.500000,0.000000,0.200000,1.064365
634,0.880707,1.589167,3.031567,1.061181,-0.158814,1.068152,0.760000,1.000000,0.480000,0.000000,0.200000,1.061181
635,0.870333,1.591910,3.042249,1.057922,-0.157795,1.128530,0.760000,1.000000,0.460000,0.000000,0.200000,1.057922
636,0.859963,1.594530,3.053534,1.054584,-0.157381,1.186415,0.780000,1.000000,0.460000,0.200000,0.000000,1.054584
637,0.849596,1.597025,3.065398,1.066622,-0.161282,1.080880,0.800000,1.000000,0.440000,0.200000,-0.200000,1.066622
638,0.839084,1.599445,3.076207,1.078307,-0.170001,0.730105,0.800000,1.000000,0.440000,0.000000,-0.200000,1.078307
639,0.828435,1.601846,3.083508,1.076585,-0.174692,0.403101,0.820000,1.000000,0.440000,0.000000,-0.200000,1.076585
640,0.817789,1.604215,3.087539,1.075478,-0.175568,0.097538,0.820000,1.000000,0.440000,0.000000,-0.200000,1.075478
641,0.807144,1.606549,3.088514,1.074959,-0.173053,-0.188510,0.820000,1.000000,0.440000,0.000000,-0.200000,1.074959
642,0.796502,1.608848,3.086629,1.074969,-0.167534,-0.456518,0.800000,1.000000,0.440000,0.000000,-0.200000,1.074969
643,0.785860,1.611111,3.082064,1.075430,-0.159372,-0.707392,0.800000,1.000000,0.460000,0.200000,-0.200000,1.075430
644,0.775220,1.613342,3.074990,1.090249,-0.148904,-0.941464,0.780000,1.000000,0.480000,0.200000,-0.200000,1.090249
645,0.764441,1.615553,3.065575,1.105306,-0.136421,-1.159340,0.760000,1.000000,0.500000,0.000000,0.000000,1.105306
646,0.753523,1.617753,3.053982,1.106783,-0.116366,-1.112992,0.740000,1.000000,0.500000,0.000000,0.000000,1.106783
647,0.742600,1.619880,3.042852,1.107973,-0.097786,-1.062486,0.720000,1.000000,0.500000,0.000000,0.000000,1.107973
648,0.731670,1.621946,3.032227,1.108908,-0.080705,-1.008674,0.700000,1.000000,0.480000,0.000000,0.200000,1.108908
649,0.720735,1.623958,3.022140,1.108205,-0.061109,-0.781112,0.680000,1.000000,0.480000,0.000000,0.200000,1.108205
650,0.709805,1.625886,3.014329,1.107233,-0.044736,-0.550139,0.660000,1.000000,0.460000,0.000000,0.200000,1.107233
651,0.698879,1.627735,3.008828,1.106095,-0.031514,-0.320050,0.660000,1.000000,0.480000,0.000000,0.200000,1.106095
652,0.687957,1.629511,3.005627,1.104873,-0.021318,-0.094534,0.640000,1.000000,0.500000,0.000000,0.200000,1.104873
653,0.677039,1.631220,3.004682,1.103626,-0.013975,0.123415,0.640000,1.000000,0.500000,0.000000,0.200000,1.103626
654,0.666126,1.632865,3.005916,1.102390,-0.009277,0.331494,0.640000,1.000000,0.520000,0.200000,0.200000,1.102390
655,0.655216,1.634448,3.009231,1.115179,-0.006997,0.528024,0.640000,1.000000,0.520000,0.200000,0.200000,1.115179
656,0.644170,1.635989,3.014511,1.127990,-0.006977,0.712405,0.640000,1.000000,0.500000,0.000000,0.200000,1.127990
657,0.632990,1.637488,3.021635,1.126805,-0.009028,0.884167,0.660000,1.000000,0.500000,0.000000,0.200000,1.126805
658,0.621814,1.638926,3.030477,1.125602,-0.012831,1.042324,0.660000,1.000000,0.480000,0.000000,0.200000,1.125602
659,0.610642,1.640301,3.040900,1.124348,-0.018152,1.186824,0.680000,1.000000,0.460000,0.000000,0.200000,1.124348
660,0.599473,1.641612,3.052769,1.123008,-0.024769,1.317874,0.680000,1.000000,0.460000,0.000000,0.200000,1.123008
661,0.588310,1.642855,3.065947,1.121547,-0.032474,1.435896,0.700000,1.000000,0.440000,0.000000,0.200000,1.121547
662,0.577151,1.644026,3.080306,1.119930,-0.041079,1.541489,0.720000,1.000000,0.420000,0.000000,0.200000,1.119930
663,0.565998,1.645122,3.095721,1.118126,-0.050411,1.635387,0.740000,1.000000,0.400000,0.000000,0.200000,1.118126
664,0.554851,1.646139,3.112075,1.116106,-0.060318,1.718420,0.780000,1.000000,0.380000,0.200000,-0.200000,1.116106
665,0.543713,1.647071,3.129259,1.127926,-0.081286,1.337195,0.800000,1.000000,0.360000,0.200000,-0.200000,1.127926
666,0.532445,1.648023,3.142631,1.139818,-0.097365,0.974191,0.840000,1.000000,0.360000,0.000000,-0.200000,1.139818
667,0.521045,1.648985,3.152373,1.137957,-0.108855,0.631378,0.860000,1.000000,0.340000,0.200000,-0.400000,1.137957
668,0.509655,1.649951,3.158687,1.148280,-0.119271,0.166091,0.860000,1.000000,0.340000,0.200000,-0.400000,1.148280
669,0.498153,1.650947,3.160348,1.159193,-0.124311,-0.282060,0.880000,1.000000,0.340000,-0.200000,-0.400000,1.159193
670,0.486540,1.651972,3.157527,1.142730,-0.124246,-0.709601,0.860000,1.000000,0.360000,0.000000,-0.200000,1.142730
671,0.475094,1.653033,3.150431,1.143054,-0.115477,-0.943166,0.840000,1.000000,0.360000,0.000000,-0.200000,1.143054
672,0.463654,1.654086,3.141000,1.143575,-0.104516,-1.157902,0.820000,1.000000,0.380000,0.200000,-0.400000,1.143575
673,0.452219,1.655138,3.129421,1.156012,-0.095631,-1.521495,0.800000,1.000000,0.380000,0.200000,-0.400000,1.156012
674,0.440671,1.656235,3.114206,1.168692,-0.083005,-1.855417,0.760000,1.000000,0.400000,0.000000,0.000000,1.168692
675,0.429011,1.657385,3.095651,1.170116,-0.057244,-1.739227,0.720000,1.000000,0.440000,0.000000,0.000000,1.170116
676,0.417349,1.658494,3.078259,1.170994,-0.034138,-1.620983,0.700000,1.000000,0.460000,0.000000,0.000000,1.170994
677,0.405684,1.659576,3.062049,1.171431,-0.013613,-1.503318,0.660000,1.000000,0.480000,0.000000,0.000000,1.171431
678,0.394018,1.660642,3.047016,1.171518,0.004453,-1.388281,0.640000,1.000000,0.520000,0.000000,0.200000,1.171518
679,0.382351,1.661704,3.033133,1.170144,0.025164,-1.065498,0.620000,1.000000,0.540000,0.000000,0.200000,1.170144
680,0.370691,1.662721,3.022478,1.168662,0.041312,-0.749713,0.600000,1.000000,0.520000,0.000000,0.200000,1.168662
681,0.359038,1.663700,3.014981,1.167229,0.053147,-0.445264,0.600000,1.000000,0.500000,0.000000,0.200000,1.167229
682,0.347392,1.664646,3.010529,1.165949,0.060975,-0.155072,0.600000,1.000000,0.500000,0.000000,0.200000,1.165949
683,0.335753,1.665565,3.008978,1.164877,0.065135,0.119007,0.580000,1.000000,0.480000,0.000000,0.200000,1.164877
684,0.324120,1.666460,3.010168,1.164028,0.065982,0.375858,0.580000,1.000000,0.480000,0.000000,0.200000,1.164028
685,0.312494,1.667331,3.013927,1.163386,0.063875,0.614833,0.580000,1.000000,0.480000,0.000000,0.200000,1.163386
686,0.300873,1.668179,3.020075,1.162910,0.059169,0.835581,0.600000,1.000000,0.460000,0.000000,0.200000,1.162910
687,0.289258,1.669001,3.028431,1.162543,0.052205,1.037951,0.600000,1.000000,0.460000,0.000000,0.200000,1.162543
688,0.277648,1.669795,3.038810,1.162219,0.043312,1.221968,0.620000,1.000000,0.440000,0.000000,0.200000,1.162219
689,0.266043,1.670557,3.051030,1.161867,0.032800,1.387844,0.620000,1.000000,0.440000,0.000000,0.200000,1.161867
690,0.254442,1.671281,3.064908,1.161417,0.020958,1.536006,0.640000,1.000000,0.420000,0.000000,0.200000,1.161417
691,0.242846,1.671962,3.080268,1.160801,0.008049,1.667117,0.660000,1.000000,0.420000,0.000000,0.200000,1.160801
692,0.231255,1.672593,3.096940,1.159959,-0.005688,1.782069,0.700000,1.000000,0.420000,0.000000,0.000000,1.159959
693,0.219669,1.673168,3.114760,1.159743,-0.025718,1.639143,0.720000,1.000000,0.400000,0.000000,0.200000,1.159743
694,0.208083,1.673736,3.131152,1.158209,-0.037528,1.738676,0.760000,1.000000,0.400000,0.000000,0.200000,1.158209
695,0.196505,1.674232,3.148538,1.156412,-0.049903,1.825805,0.780000,1.000000,0.400000,0.200000,-0.200000,1.156412
696,0.184938,1.674651,3.166796,1.168298,-0.073319,1.447077,0.820000,1.000000,0.380000,0.200000,-0.200000,1.168298
697,0.173240,1.675089,3.181267,1.180159,-0.091671,1.083552,0.860000,1.000000,0.380000,0.200000,-0.200000,1.180159
698,0.161412,1.675537,3.192103,1.192198,-0.105228,0.738141,0.900000,1.000000,0.360000,0.000000,-0.200000,1.192198
699,0.149452,1.675986,3.199484,1.190547,-0.114305,0.412012,0.920000,1.000000,0.360000,0.000000,-0.200000,1.190547
700,0.137500,1.676438,3.203604,1.189284,-0.119119,0.104747,0.920000,1.000000,0.340000,-0.200000,-0.200000,1.189284
701,0.125556,1.676890,3.204652,1.174429,-0.120085,-0.183546,0.920000,1.000000,0.340000,-0.200000,-0.400000,1.174429
702,0.113760,1.677349,3.202816,1.157793,-0.121292,-0.612371,0.920000,1.000000,0.320000,-0.200000,-0.400000,1.157793
703,0.102129,1.677851,3.196693,1.141756,-0.117669,-1.020030,0.900000,1.000000,0.320000,-0.200000,-0.400000,1.141756
704,0.090664,1.678397,3.186492,1.126231,-0.109779,-1.402495,0.860000,1.000000,0.300000,0.000000,-0.400000,1.126231
705,0.079364,1.678988,3.172467,1.125076,-0.098213,-1.755969,0.840000,1.000000,0.300000,0.000000,-0.400000,1.125076
706,0.068088,1.679623,3.154908,1.124100,-0.083374,-2.077306,0.780000,1.000000,0.300000,0.000000,-0.400000,1.124100
707,0.056837,1.680307,3.134135,1.123104,-0.065771,-2.364378,0.740000,1.000000,0.320000,-0.200000,-0.200000,1.123104
708,0.045611,1.681048,3.110491,1.110064,-0.041992,-2.448949,0.700000,1.000000,0.340000,-0.200000,-0.200000,1.110064
709,0.034529,1.681813,3.086001,1.096401,-0.018885,-2.514817,0.660000,1.000000,0.380000,0.000000,-0.200000,1.096401
710,0.023593,1.682611,3.060853,1.096090,0.003363,-2.563850,0.620000,1.000000,0.420000,0.000000,0.000000,1.096090
711,0.012665,1.683461,3.035215,1.095902,0.030813,-2.351473,0.580000,1.000000,0.460000,-0.200000,0.000000,1.095902
712,0.001735,1.684318,3.011700,1.081075,0.054467,-2.152211,0.560000,1.000000,0.500000,-0.200000,0.000000,1.081075
713,-0.009055,1.685179,2.990178,1.065802,0.074329,-1.965660,0.540000,1.000000,0.560000,0.000000,0.200000,1.065802
714,-0.019704,1.686052,2.970521,1.063236,0.096256,-1.558200,0.520000,1.000000,0.620000,0.400000,0.400000,1.063236
715,-0.030345,1.686913,2.954939,1.086619,0.115769,-1.048376,0.500000,1.000000,0.680000,0.400000,0.400000,1.086619
716,-0.041237,1.687792,2.944455,1.110421,0.129795,-0.552997,0.500000,1.000000,0.740000,0.400000,0.600000,1.110421
717,-0.052380,1.688694,2.938925,1.132577,0.139210,-0.041221,0.480000,1.000000,1.000000,0.200000,0.200000,1.132577
718,-0.063754,1.689610,2.938513,1.145936,0.138178,0.245656,0.480000,1.000000,1.000000,0.200000,0.200000,1.145936
719,-0.075257,1.690568,2.940970,1.159717,0.133998,0.513305,0.480000,1.000000,1.000000,0.200000,0.200000,1.159717
720,-0.086889,1.691566,2.946103,1.173853,0.126977,0.762481,0.480000,1.000000,1.000000,0.200000,0.200000,1.173853
721,-0.098650,1.692600,2.953728,1.188259,0.117402,0.993587,0.500000,1.000000,0.720000,0.400000,0.600000,1.188259
722,-0.110543,1.693666,2.963664,1.212348,0.110487,1.417959,0.500000,1.000000,0.680000,0.400000,0.400000,1.212348
723,-0.122671,1.694725,2.977843,1.239153,0.097769,1.770542,0.500000,1.000000,0.640000,0.200000,0.400000,1.239153
724,-0.135056,1.695780,2.995549,1.252089,0.081051,2.092553,0.520000,1.000000,0.580000,0.200000,0.400000,1.252089
725,-0.147561,1.696800,3.016474,1.264947,0.060918,2.382063,0.540000,1.000000,0.540000,0.200000,0.200000,1.264947
726,-0.160188,1.697774,3.040295,1.279681,0.034129,2.481320,0.560000,1.000000,0.500000,0.200000,0.200000,1.279681
727,-0.172954,1.698729,3.065108,1.293700,0.007033,2.564822,0.600000,1.000000,0.460000,0.200000,0.200000,1.293700
728,-0.185858,1.699647,3.090756,1.306947,-0.020247,2.634091,0.620000,1.000000,0.420000,0.000000,0.200000,1.306947
729,-0.198900,1.700514,3.117097,1.305381,-0.047615,2.690924,0.660000,1.000000,0.380000,0.000000,0.000000,1.305381
730,-0.211939,1.701309,3.144006,1.303954,-0.080140,2.498333,0.720000,1.000000,0.360000,0.000000,0.200000,1.303954
731,-0.224980,1.702079,3.168990,1.300706,-0.103432,2.543136,0.760000,1.000000,0.340000,0.000000,0.000000,1.300706
732,-0.238011,1.702757,3.194421,1.297931,-0.131488,2.363256,0.820000,1.000000,0.320000,-0.200000,-0.400000,1.297931
733,-0.251041,1.703385,3.218054,1.277661,-0.164604,1.829391,0.840000,1.000000,0.300000,-0.200000,-0.400000,1.277661
734,-0.263906,1.704050,3.236347,1.257670,-0.189706,1.299192,0.820000,1.000000,0.300000,0.200000,-0.400000,1.257670
735,-0.276606,1.704749,3.249339,1.266410,-0.207184,0.779104,0.840000,1.000000,0.300000,-0.200000,-0.400000,1.266410
736,-0.289419,1.705447,3.257130,1.248148,-0.217852,0.275091,0.860000,1.000000,0.280000,-0.200000,-0.400000,1.248148
737,-0.302069,1.706172,3.259881,1.231052,-0.221778,-0.212115,0.860000,1.000000,0.280000,-0.200000,-0.400000,1.231052
738,-0.314555,1.706921,3.257760,1.215150,-0.219513,-0.680367,0.860000,1.000000,0.280000,-0.200000,-0.400000,1.215150
739,-0.326879,1.707693,3.250956,1.200361,-0.211633,-1.127793,0.820000,1.000000,0.300000,-0.200000,-0.400000,1.200361
740,-0.339042,1.708487,3.239679,1.186520,-0.198729,-1.552224,0.780000,1.000000,0.300000,-0.200000,-0.400000,1.186520
741,-0.351045,1.709302,3.224156,1.173394,-0.181412,-1.950760,0.760000,1.000000,0.320000,-0.200000,-0.400000,1.173394
742,-0.362888,1.710143,3.204649,1.160705,-0.160322,-2.319604,0.740000,1.000000,0.320000,-0.400000,-0.400000,1.160705
743,-0.374573,1.711011,3.181453,1.134147,-0.136129,-2.654293,0.740000,1.000000,0.340000,-0.400000,-0.400000,1.134147
744,-0.385960,1.711919,3.154910,1.107427,-0.109837,-2.949566,0.700000,0.980000,0.380000,-0.200000,-0.200000,1.107427
745,-0.397048,1.712870,3.125414,1.096406,-0.077557,-3.001282,0.660000,0.940000,0.400000,0.000000,0.000000,1.096406
746,-0.407998,1.713823,3.095401,1.098631,-0.041047,-2.785977,0.600000,0.880000,0.440000,0.000000,0.000000,1.098631
747,-0.418954,1.714740,3.067541,1.099672,-0.008724,-2.569795,0.560000,0.880000,1.000000,0.200000,0.400000,1.099672
748,-0.429914,1.715641,3.041844,1.110379,0.025318,-2.113000,0.540000,0.840000,1.000000,0.400000,0.600000,1.110379
749,-0.440988,1.716495,3.020714,1.132414,0.053778,-1.644474,0.520000,0.820000,1.000000,0.400000,0.600000,1.132414
750,-0.452294,1.717327,3.004269,1.154161,0.077017,-1.166337,0.500000,0.780000,1.000000,0.200000,0.600000,1.154161
751,-0.463832,1.718144,2.992605,1.161958,0.094866,-0.685995,0.480000,0.760000,1.000000,0.200000,0.600000,1.161958
752,-0.475464,1.718930,2.985745,1.170065,0.107101,-0.208287,0.480000,0.760000,1.000000,0.200000,0.600000,1.170065
753,-0.487189,1.719688,2.983663,1.178657,0.113820,0.260710,0.480000,0.740000,1.000000,0.200000,0.600000,1.178657
754,-0.499008,1.720418,2.986270,1.187815,0.115191,0.715349,0.480000,0.740000,0.980000,0.200000,0.600000,1.187815
755,-0.510921,1.721117,2.993423,1.197535,0.111446,1.150220,0.480000,0.720000,0.980000,0.400000,0.600000,1.197535
756,-0.522930,1.721783,3.004925,1.221731,0.102881,1.560090,0.480000,0.760000,0.980000,0.400000,0.600000,1.221731
757,-0.535174,1.722428,3.020526,1.246246,0.089651,1.939537,0.500000,0.740000,0.960000,0.200000,0.400000,1.246246
758,-0.547653,1.723044,3.039922,1.259170,0.071122,2.245088,0.520000,0.740000,0.960000,0.200000,0.400000,1.259170
759,-0.560252,1.723614,3.062373,1.271900,0.049395,2.517503,0.540000,0.760000,0.960000,0.000000,0.200000,1.271900
760,-0.572970,1.724128,3.087548,1.272389,0.021317,2.603638,0.580000,0.760000,0.960000,0.000000,0.200000,1.272389
761,-0.585687,1.724603,3.113584,1.272082,-0.006537,2.673136,0.580000,0.740000,0.940000,0.000000,0.200000,1.272082
762,-0.598401,1.725024,3.140315,1.270944,-0.034015,2.727916,0.560000,0.780000,0.940000,0.200000,0.200000,1.270944
763,-0.611110,1.725381,3.167594,1.282956,-0.061003,2.770153,0.580000,0.760000,0.940000,0.000000,0.200000,1.282956
764,-0.623951,1.725657,3.195296,1.280111,-0.087839,2.803820,0.620000,0.800000,0.940000,0.200000,0.200000,1.280111
765,-0.636781,1.725847,3.223334,1.290411,-0.114070,2.828893,0.600000,0.780000,0.940000,0.200000,0.200000,1.290411
766,-0.649735,1.725930,3.251623,1.299868,-0.140100,2.848769,0.600000,0.780000,0.940000,0.200000,0.200000,1.299868
767,-0.662809,1.725895,3.280111,1.308488,-0.165928,2.864611,0.620000,0.800000,0.940000,0.200000,0.200000,1.308488
768,-0.675998,1.725732,3.308757,1.316282,-0.191561,2.877381,0.600000,0.800000,0.380000,-0.400000,0.000000,1.316282
769,-0.689296,1.725431,3.337531,1.282622,-0.221257,2.706105,0.620000,0.800000,0.280000,-0.400000,-0.200000,1.282622
770,-0.702307,1.725104,3.364592,1.247961,-0.252560,2.299695,0.620000,0.780000,0.260000,-0.200000,0.000000,1.247961
771,-0.715036,1.724807,3.387589,1.228020,-0.270725,2.175078,0.600000,0.820000,0.260000,-0.200000,0.000000,1.228020
772,-0.727606,1.724442,3.409340,1.208003,-0.286266,2.062357,0.620000,0.820000,0.260000,-0.200000,0.000000,1.208003
773,-0.740013,1.724007,3.429963,1.187974,-0.299472,1.959957,0.620000,0.820000,0.240000,-0.200000,0.000000,1.187974
774,-0.752254,1.723500,3.449563,1.167984,-0.310592,1.866510,0.600000,0.800000,0.240000,-0.400000,-0.200000,1.167984
775,-0.764326,1.722919,3.468228,1.134170,-0.325093,1.556094,0.640000,0.800000,0.240000,-0.200000,-0.200000,1.134170
776,-0.776111,1.722359,3.483789,1.115259,-0.334566,1.274197,0.620000,0.800000,0.220000,-0.400000,-0.200000,1.115259
777,-0.787740,1.721768,3.496531,1.083259,-0.340007,1.014034,0.620000,0.780000,0.220000,-0.400000,-0.200000,1.083259
778,-0.799079,1.721192,3.506671,1.052188,-0.341643,0.774291,0.620000,0.780000,0.280000,-0.400000,-0.200000,1.052188
779,-0.810127,1.720627,3.514414,1.022012,-0.339988,0.551519,0.600000,0.780000,0.280000,-0.400000,-0.200000,1.022012
780,-0.820883,1.720070,3.519929,0.992680,-0.335475,0.342768,0.640000,0.760000,0.280000,-0.400000,-0.200000,0.992680
781,-0.831347,1.719521,3.523357,0.964132,-0.328472,0.145566,0.620000,0.760000,0.280000,-0.400000,-0.200000,0.964132
782,-0.841518,1.718977,3.524812,0.936299,-0.319299,-0.042132,0.620000,0.760000,0.940000,0.200000,0.200000,0.936299
783,-0.851396,1.718438,3.524391,0.948560,-0.303072,-0.001368,0.600000,0.740000,0.920000,0.000000,0.400000,0.948560
784,-0.861327,1.717706,3.524377,0.944742,-0.287385,0.045802,0.600000,0.740000,0.920000,0.200000,0.200000,0.944742
785,-0.871164,1.716843,3.524835,0.956772,-0.272417,0.091343,0.600000,0.720000,0.900000,0.200000,0.400000,0.956772
786,-0.881056,1.715792,3.525749,0.966729,-0.257958,0.148707,0.580000,0.720000,0.900000,0.200000,0.400000,0.966729
787,-0.890986,1.714561,3.527236,0.976567,-0.244263,0.212085,0.580000,0.700000,0.880000,0.200000,0.400000,0.976567
788,-0.900953,1.713151,3.529357,0.986288,-0.231406,0.281511,0.560000,0.700000,0.880000,0.200000,0.400000,0.986288
789,-0.910959,1.711563,3.532172,0.995892,-0.219460,0.356873,0.560000,0.700000,0.860000,0.200000,0.200000,0.995892
790,-0.921003,1.709801,3.535741,1.007379,-0.208995,0.416415,0.560000,0.680000,0.860000,0.200000,0.200000,1.007379
791,-0.931107,1.707862,3.539905,1.018801,-0.199445,0.478571,0.540000,0.680000,0.840000,0.200000,0.200000,1.018801
792,-0.941271,1.705749,3.544691,1.030161,-0.190840,0.543017,0.540000,0.660000,0.840000,0.200000,0.200000,1.030161
793,-0.951496,1.703463,3.550121,1.041460,-0.183204,0.609365,0.520000,0.660000,0.840000,0.200000,0.200000,1.041460
794,-0.961781,1.701007,3.556214,1.052698,-0.176552,0.677179,0.520000,0.660000,0.820000,0.200000,0.200000,1.052698
795,-0.972127,1.698383,3.562986,1.063876,-0.170895,0.745994,0.520000,0.640000,0.820000,0.200000,0.200000,1.063876
796,-0.982534,1.695591,3.570446,1.074991,-0.166233,0.815334,0.500000,0.640000,0.820000,0.200000,0.200000,1.074991
797,-0.993002,1.692632,3.578599,1.086041,-0.162561,0.884730,0.500000,0.640000,0.820000,0.200000,0.200000,1.086041
798,-1.003530,1.689509,3.587447,1.097022,-0.159868,0.953733,0.480000,0.620000,0.800000,0.000000,0.200000,1.097022
799,-1.014117,1.686220,3.596984,1.093928,-0.158137,1.021928,0.480000,0.620000,0.800000,0.000000,0.200000,1.093928
800,-1.024637,1.682829,3.607203,1.090751,-0.157141,1.087628,0.480000,0.620000,0.800000,0.000000,0.200000,1.090751
801,-1.035089,1.679336,3.618080,1.087486,-0.156826,1.150626,0.460000,0.600000,0.800000,0.000000,0.200000,1.087486
802,-1.045472,1.675742,3.629586,1.084131,-0.157141,1.210771,0.500000,0.600000,0.800000,0.000000,0.200000,1.084131
803,-1.055784,1.672047,3.641694,1.080681,-0.158031,1.267960,0.500000,0.600000,0.800000,0.000000,0.200000,1.080681
804,-1.066025,1.668252,3.654373,1.077132,-0.159444,1.322136,0.480000,0.600000,0.780000,0.000000,0.200000,1.077132
805,-1.076194,1.664357,3.667595,1.073478,-0.161327,1.373284,0.480000,0.580000,0.780000,0.000000,0.200000,1.073478
806,-1.086287,1.660362,3.681327,1.069716,-0.163632,1.421424,0.460000,0.580000,0.780000,0.000000,0.200000,1.069716
807,-1.096305,1.656268,3.695542,1.065840,-0.166310,1.466607,0.460000,0.580000,0.860000,0.200000,0.400000,1.065840
808,-1.106244,1.652076,3.710208,1.073805,-0.168224,1.555656,0.460000,0.580000,0.860000,0.200000,0.400000,1.073805
809,-1.116198,1.647711,3.725764,1.081594,-0.171167,1.642004,0.440000,0.560000,0.860000,0.000000,0.200000,1.081594
810,-1.126165,1.643174,3.742184,1.077232,-0.176213,1.677852,0.440000,0.560000,0.860000,0.000000,0.200000,1.077232
811,-1.136048,1.638540,3.758963,1.072715,-0.181419,1.710888,0.480000,0.560000,0.880000,0.000000,0.200000,1.072715
812,-1.145845,1.633810,3.776072,1.068040,-0.186748,1.741307,0.480000,0.560000,0.880000,0.000000,0.200000,1.068040
813,-1.155554,1.628983,3.793485,1.063207,-0.192169,1.769301,0.460000,0.560000,0.900000,0.000000,0.200000,1.063207
814,-1.165171,1.624060,3.811178,1.058215,-0.197651,1.795057,0.460000,0.560000,0.900000,0.000000,0.200000,1.058215
815,-1.174695,1.619042,3.829128,1.053065,-0.203167,1.818758,0.460000,0.560000,0.920000,0.000000,0.200000,1.053065
816,-1.184123,1.613929,3.847316,1.047756,-0.208692,1.840575,0.460000,0.560000,0.920000,0.000000,0.200000,1.047756
817,-1.193451,1.608722,3.865722,1.042291,-0.214206,1.860674,0.440000,0.560000,0.940000,0.000000,0.400000,1.042291
818,-1.202678,1.603421,3.884328,1.034648,-0.218865,1.914449,0.440000,0.560000,0.960000,0.000000,0.400000,1.034648
819,-1.211780,1.598036,3.903473,1.026796,-0.223834,1.964587,0.440000,0.540000,0.980000,0.000000,0.600000,1.026796
820,-1.220754,1.592568,3.923119,1.016826,-0.229513,1.992009,0.440000,0.560000,1.000000,0.000000,0.600000,1.016826
821,-1.229588,1.587035,3.943039,1.006677,-0.235177,2.015447,0.420000,0.560000,1.000000,0.000000,0.600000,1.006677
822,-1.238281,1.581439,3.963193,0.996357,-0.240783,2.035123,0.420000,0.560000,1.000000,0.000000,0.600000,0.996357
823,-1.246830,1.575783,3.983545,0.985872,-0.246289,2.051263,0.420000,0.560000,1.000000,0.200000,0.600000,0.985872
824,-1.255233,1.570070,4.004057,0.989232,-0.251657,2.064089,0.420000,0.560000,1.000000,0.200000,0.600000,0.989232
825,-1.263580,1.564194,4.024698,0.992446,-0.257180,2.075355,0.420000,0.560000,1.000000,0.200000,0.600000,0.992446
826,-1.271867,1.558158,4.045452,0.995512,-0.262840,2.085080,0.420000,0.560000,1.000000,0.200000,0.600000,0.995512
827,-1.280090,1.551962,4.066302,0.998432,-0.268620,2.093290,0.420000,0.560000,1.000000,0.200000,0.600000,0.998432
828,-1.288246,1.545607,4.087235,1.001205,-0.274502,2.100013,0.400000,0.580000,1.000000,0.200000,0.600000,1.001205
829,-1.296331,1.539095,4.108235,1.003833,-0.280470,2.105286,0.400000,0.580000,1.000000,0.000000,0.600000,1.003833
830,-1.304342,1.532427,4.129288,0.992316,-0.286508,2.109146,0.400000,0.580000,1.000000,0.000000,0.600000,0.992316
831,-1.312197,1.525721,4.150380,0.980658,-0.292270,2.110307,0.400000,0.660000,1.000000,0.000000,0.600000,0.980658
832,-1.319896,1.518980,4.171483,0.968871,-0.297732,2.108979,0.400000,0.680000,1.000000,0.000000,0.400000,0.968871
833,-1.327437,1.512208,4.192573,0.958831,-0.302267,2.131223,0.400000,0.700000,1.000000,0.000000,0.400000,0.958831
834,-1.334823,1.505387,4.213885,0.948623,-0.306740,2.151842,0.400000,0.700000,1.000000,0.000000,0.400000,0.948623
835,-1.342053,1.498522,4.235403,0.938252,-0.311131,2.170940,0.400000,0.720000,1.000000,0.200000,0.400000,0.938252
836,-1.349124,1.491615,4.257113,0.941722,-0.315419,2.188617,0.400000,0.740000,1.000000,0.200000,0.400000,0.941722
837,-1.356098,1.484544,4.278999,0.945040,-0.319928,2.205827,0.400000,0.760000,1.000000,0.200000,0.400000,0.945040
838,-1.362970,1.477311,4.301057,0.948200,-0.324648,2.222559,0.400000,0.780000,1.000000,0.200000,0.400000,0.948200
839,-1.369737,1.469918,4.323283,0.951199,-0.329573,2.238803,0.400000,0.820000,1.000000,0.000000,0.400000,0.951199
840,-1.376395,1.462367,4.345671,0.940030,-0.334693,2.254553,0.400000,0.840000,1.000000,0.200000,0.400000,0.940030
841,-1.382890,1.454792,4.368216,0.942689,-0.339655,2.269040,0.400000,0.880000,1.000000,0.400000,0.400000,0.942689
842,-1.389268,1.447064,4.390907,0.959183,-0.344789,2.283089,0.420000,0.920000,1.000000,0.200000,0.400000,0.959183
843,-1.395570,1.439053,4.413738,0.961510,-0.350439,2.297424,0.420000,0.980000,1.000000,0.200000,0.400000,0.961510
844,-1.401749,1.430895,4.436712,0.963653,-0.356252,2.311264,0.420000,1.000000,1.000000,0.200000,0.400000,0.963653
845,-1.407800,1.422592,4.459824,0.965609,-0.362221,2.324614,0.420000,1.000000,1.000000,0.200000,0.400000,0.965609
846,-1.413720,1.414147,4.483071,0.967375,-0.368336,2.337482,0.420000,1.000000,1.000000,0.200000,0.400000,0.967375
847,-1.419506,1.405564,4.506445,0.968946,-0.374588,2.349878,0.440000,1.000000,0.960000,0.200000,0.400000,0.968946
848,-1.425154,1.396845,4.529944,0.970321,-0.380970,2.361810,0.440000,1.000000,0.860000,0.200000,0.400000,0.970321
849,-1.430661,1.387994,4.553562,0.971496,-0.387473,2.373290,0.540000,1.000000,0.780000,0.200000,0.400000,0.971496
850,-1.436023,1.379015,4.577295,0.972468,-0.394087,2.384332,0.540000,1.000000,0.720000,0.400000,0.200000,0.972468
851,-1.441238,1.369909,4.601138,0.989200,-0.400848,2.393098,0.560000,1.000000,0.660000,0.200000,0.000000,0.989200
852,-1.446320,1.360523,4.625069,0.993523,-0.409511,2.341538,0.580000,1.000000,0.620000,0.200000,0.000000,0.993523
853,-1.451266,1.350983,4.648485,0.997850,-0.417658,2.293440,0.600000,1.000000,0.580000,0.200000,0.000000,0.997850
854,-1.456071,1.341292,4.671419,1.002187,-0.425331,2.248408,0.620000,1.000000,0.560000,0.200000,0.000000,1.002187
855,-1.460731,1.331453,4.693903,1.006538,-0.432568,2.206102,0.660000,1.000000,0.520000,0.200000,0.000000,1.006538
856,-1.465242,1.321469,4.715964,1.010908,-0.439403,2.166231,0.680000,1.000000,0.500000,0.000000,0.200000,1.010908
857,-1.469600,1.311344,4.737627,0.999481,-0.444681,2.179124,0.720000,1.000000,0.500000,0.000000,-0.400000,0.999481
858,-1.473793,1.301240,4.759418,0.989280,-0.459809,1.763386,0.760000,1.000000,0.480000,0.000000,-0.400000,0.989280
859,-1.477921,1.291142,4.777052,0.980988,-0.469818,1.379935,0.780000,1.000000,0.460000,0.000000,-0.400000,0.980988
860,-1.481976,1.281049,4.790851,0.974579,-0.475311,1.022206,0.820000,1.000000,0.460000,-0.200000,-0.400000,0.974579
861,-1.485950,1.270961,4.801073,0.955988,-0.476781,0.684176,0.840000,1.000000,0.460000,-0.200000,-0.400000,0.955988
862,-1.489853,1.261016,4.807915,0.939197,-0.474352,0.366555,0.840000,1.000000,0.460000,-0.200000,-0.400000,0.939197
863,-1.493679,1.251215,4.811580,0.924083,-0.468481,0.064483,0.840000,1.000000,0.460000,-0.200000,-0.400000,0.924083
864,-1.497426,1.241555,4.812225,0.910510,-0.459536,-0.226219,0.820000,1.000000,0.460000,-0.200000,-0.400000,0.910510
865,-1.501091,1.232038,4.809963,0.898345,-0.447815,-0.509113,0.820000,1.000000,0.480000,-0.200000,-0.400000,0.898345
866,-1.504672,1.222661,4.804872,0.887449,-0.433559,-0.787228,0.780000,1.000000,0.480000,-0.200000,-0.400000,0.887449
867,-1.508170,1.213424,4.797000,0.877682,-0.416961,-1.063113,0.760000,1.000000,0.500000,0.000000,-0.400000,0.877682
868,-1.511583,1.204326,4.786369,0.882900,-0.398185,-1.338854,0.720000,1.000000,0.520000,0.000000,-0.400000,0.882900
869,-1.514901,1.195227,4.772980,0.888875,-0.377385,-1.622130,0.680000,1.000000,0.540000,0.000000,-0.400000,0.888875
870,-1.518130,1.186126,4.756759,0.895475,-0.354564,-1.913173,0.620000,1.000000,0.560000,0.000000,-0.200000,0.895475
871,-1.521275,1.177023,4.737627,0.903381,-0.324695,-1.995732,0.580000,1.000000,0.600000,0.000000,0.000000,0.903381
872,-1.524293,1.167910,4.717670,0.909791,-0.291910,-1.961894,0.540000,1.000000,0.640000,0.000000,-0.200000,0.909791
873,-1.527164,1.158797,4.698051,0.916377,-0.263342,-2.064188,0.520000,1.000000,0.680000,0.200000,0.200000,0.916377
874,-1.529928,1.149671,4.677409,0.933935,-0.229884,-1.956850,0.480000,1.000000,0.740000,0.000000,0.200000,0.933935
875,-1.532552,1.140418,4.657840,0.936592,-0.197885,-1.827816,0.460000,1.000000,0.780000,0.200000,0.400000,0.936592
876,-1.535039,1.131174,4.639562,0.950431,-0.167625,-1.666400,0.420000,1.000000,0.840000,0.200000,0.400000,0.950431
877,-1.537402,1.121817,4.622898,0.963484,-0.139429,-1.475763,0.420000,1.000000,0.860000,0.200000,0.400000,0.963484
878,-1.539652,1.112345,4.608141,0.975846,-0.113623,-1.257633,0.400000,1.000000,0.840000,0.200000,0.400000,0.975846
879,-1.541797,1.102758,4.595564,0.987629,-0.090484,-1.015587,0.380000,1.000000,0.860000,0.000000,0.400000,0.987629
880,-1.543847,1.093055,4.585408,0.984956,-0.070225,-0.754516,0.360000,1.000000,0.900000,0.000000,0.200000,0.984956
881,-1.545791,1.083373,4.577863,0.984007,-0.054352,-0.535415,0.360000,1.000000,0.940000,0.200000,0.600000,0.984007
882,-1.547650,1.073695,4.572509,0.992833,-0.039952,-0.260422,0.360000,1.000000,0.960000,0.200000,0.600000,0.992833
883,-1.549429,1.063919,4.569905,1.001503,-0.028473,0.021754,0.340000,1.000000,0.980000,0.000000,0.600000,1.001503
884,-1.551133,1.054046,4.570122,0.996093,-0.019926,0.305930,0.340000,1.000000,0.980000,0.000000,0.600000,0.996093
885,-1.552743,1.044214,4.573182,0.990658,-0.014217,0.586685,0.340000,1.000000,0.980000,0.000000,0.400000,0.990658
886,-1.554258,1.034423,4.579049,0.987300,-0.011330,0.853480,0.340000,1.000000,0.960000,0.200000,0.600000,0.987300
887,-1.555683,1.024653,4.587583,0.995878,-0.010740,1.115298,0.360000,1.000000,0.920000,0.000000,0.400000,0.995878
888,-1.557030,1.014785,4.598736,0.992549,-0.012849,1.353055,0.360000,1.000000,0.900000,0.000000,0.400000,0.992549
889,-1.558283,1.004938,4.612267,0.989186,-0.016996,1.572958,0.360000,1.000000,0.840000,0.000000,0.400000,0.989186
890,-1.559441,0.995113,4.627996,0.985738,-0.022926,1.774035,0.380000,1.000000,0.800000,0.200000,0.400000,0.985738
891,-1.560500,0.985310,4.645737,0.996152,-0.030389,1.955949,0.380000,1.000000,0.760000,0.200000,0.200000,0.996152
892,-1.561467,0.975391,4.665296,1.008509,-0.042053,2.010035,0.400000,1.000000,0.740000,0.400000,0.200000,1.008509
893,-1.562362,0.965336,4.685397,1.034567,-0.053941,2.057328,0.420000,1.000000,0.740000,0.400000,0.200000,1.034567
894,-1.563180,0.955009,4.705970,1.060312,-0.066348,2.100855,0.440000,1.000000,0.740000,0.400000,0.200000,1.060312
895,-1.563912,0.944410,4.726978,1.085724,-0.079273,2.141029,0.460000,1.000000,0.720000,0.400000,0.200000,1.085724
896,-1.564546,0.933543,4.748389,1.110786,-0.092715,2.178210,0.500000,1.000000,0.680000,0.200000,0.200000,1.110786
897,-1.565073,0.922409,4.770171,1.121480,-0.106675,2.212708,0.520000,1.000000,0.640000,0.200000,0.200000,1.121480
898,-1.565490,0.911151,4.792298,1.131791,-0.120791,2.243116,0.560000,1.000000,0.620000,0.200000,0.200000,1.131791
899,-1.565790,0.899773,4.814729,1.141711,-0.135046,2.270022,0.620000,1.000000,0.580000,0.200000,-0.200000,1.141711
900,-1.565967,0.888277,4.837429,1.151733,-0.159781,1.850865,0.680000,1.000000,0.560000,0.200000,-0.200000,1.151733
901,-1.566116,0.876651,4.855938,1.162024,-0.178970,1.459272,1.000000,1.000000,0.540000,0.000000,-0.200000,1.162024
902,-1.566225,0.864894,4.870531,1.158798,-0.193043,1.094147,1.000000,1.000000,0.540000,0.000000,-0.200000,1.158798
903,-1.566307,0.853147,4.881472,1.156197,-0.202190,0.753180,1.000000,1.000000,0.520000,0.000000,-0.400000,1.156197
904,-1.566354,0.841409,4.889004,1.152115,-0.211324,0.245085,1.000000,1.000000,0.520000,-0.200000,-0.400000,1.152115
905,-1.566410,0.829696,4.891455,1.135184,-0.214333,-0.243309,1.000000,0.980000,0.520000,-0.200000,-0.400000,1.135184
906,-1.566498,0.818144,4.889022,1.119425,-0.211606,-0.710885,1.000000,1.000000,0.520000,-0.200000,-0.400000,1.119425
907,-1.566614,0.806752,4.881913,1.104748,-0.203723,-1.155957,1.000000,1.000000,0.520000,-0.200000,-0.400000,1.104748
908,-1.566758,0.795519,4.870353,1.090982,-0.191275,-1.576473,1.000000,1.000000,0.540000,-0.200000,-0.400000,1.090982
909,-1.566931,0.784444,4.854589,1.077898,-0.174873,-1.969588,1.000000,1.000000,0.540000,-0.200000,-0.400000,1.077898
910,-1.567134,0.773526,4.834893,1.065230,-0.155152,-2.331530,1.000000,1.000000,0.560000,-0.200000,-0.400000,1.065230
911,-1.567372,0.762764,4.811577,1.052689,-0.132770,-2.657904,0.760000,1.000000,0.600000,0.000000,-0.400000,1.052689
912,-1.567651,0.752158,4.784998,1.053986,-0.108399,-2.944517,0.540000,1.000000,0.580000,-0.200000,0.000000,1.053986
913,-1.567968,0.741567,4.755553,1.043083,-0.071965,-2.746907,0.500000,1.000000,0.580000,0.000000,0.000000,1.043083
914,-1.568236,0.731115,4.728084,1.044967,-0.039766,-2.539294,0.460000,1.000000,0.620000,0.000000,0.000000,1.044967
915,-1.568470,0.720660,4.702691,1.045884,-0.011443,-2.332532,0.420000,1.000000,0.660000,0.000000,0.200000,1.045884
916,-1.568686,0.710203,4.679366,1.044713,0.017500,-1.947229,0.400000,1.000000,0.700000,0.000000,0.200000,1.044713
917,-1.568856,0.699756,4.659894,1.043059,0.041291,-1.564939,0.380000,1.000000,0.740000,0.200000,0.200000,1.043059
918,-1.568991,0.689318,4.644244,1.055227,0.060119,-1.193715,0.360000,1.000000,0.780000,0.200000,0.200000,1.055227
919,-1.569110,0.678749,4.632307,1.067440,0.074481,-0.840374,0.360000,1.000000,0.780000,0.000000,0.200000,1.067440
920,-1.569221,0.668049,4.623903,1.065849,0.084657,-0.507247,0.360000,1.000000,0.780000,0.000000,0.200000,1.065849
921,-1.569320,0.657358,4.618831,1.064546,0.090833,-0.194366,0.340000,1.000000,0.760000,0.200000,0.400000,1.064546
922,-1.569410,0.646674,4.616887,1.075396,0.096751,0.240337,0.340000,1.000000,0.760000,0.200000,0.200000,1.075396
923,-1.569472,0.635877,4.619290,1.088915,0.094504,0.501419,0.340000,1.000000,0.740000,0.200000,0.200000,1.088915
924,-1.569544,0.624947,4.624305,1.102692,0.089615,0.742084,0.360000,1.000000,0.740000,0.200000,0.200000,1.102692
925,-1.569621,0.613884,4.631726,1.116662,0.082378,0.962932,0.360000,1.000000,0.720000,0.200000,0.200000,1.116662
926,-1.569700,0.602687,4.641355,1.130746,0.073068,1.164482,0.360000,1.000000,0.720000,0.200000,0.200000,1.130746
927,-1.569773,0.591356,4.653000,1.144862,0.061946,1.347236,0.380000,1.000000,0.720000,0.200000,0.200000,1.144862
928,-1.569834,0.579891,4.666472,1.158925,0.049253,1.511765,0.380000,1.000000,0.700000,0.000000,0.200000,1.158925
929,-1.569874,0.568292,4.681590,1.158854,0.035210,1.658776,0.400000,1.000000,0.700000,0.000000,0.200000,1.158854
930,-1.569879,0.556698,4.698177,1.158579,0.020237,1.787891,0.420000,1.000000,0.660000,0.000000,0.200000,1.158579
931,-1.569842,0.545110,4.716056,1.158032,0.004575,1.900058,0.560000,1.000000,0.640000,0.200000,0.200000,1.158032
932,-1.569753,0.533530,4.735057,1.171158,-0.011564,1.996481,0.580000,1.000000,0.600000,0.200000,0.000000,1.171158
933,-1.569604,0.521819,4.755022,1.184810,-0.033970,1.837455,0.760000,1.000000,0.580000,0.200000,-0.200000,1.184810
934,-1.569438,0.509967,4.773396,1.196924,-0.058758,1.469211,0.800000,1.000000,0.560000,0.200000,-0.200000,1.196924
935,-1.569295,0.497984,4.788088,1.208918,-0.078475,1.112594,0.840000,1.000000,0.540000,0.000000,-0.200000,1.208918
936,-1.569163,0.485870,4.799214,1.207010,-0.093348,0.771423,0.880000,1.000000,0.520000,0.000000,-0.200000,1.207010
937,-1.569046,0.473765,4.806929,1.205355,-0.103504,0.446817,0.900000,1.000000,0.520000,0.000000,-0.200000,1.205355
938,-1.568939,0.461667,4.811397,1.204041,-0.109336,0.140082,0.920000,1.000000,0.500000,-0.200000,-0.200000,1.204041
939,-1.568837,0.449578,4.812798,1.189100,-0.111248,-0.148275,0.920000,1.000000,0.500000,-0.200000,-0.200000,1.189100
940,-1.568752,0.437635,4.811315,1.174533,-0.109602,-0.418312,0.920000,1.000000,0.500000,-0.200000,-0.200000,1.174533
941,-1.568682,0.425839,4.807132,1.160298,-0.104863,-0.669617,0.900000,1.000000,0.520000,-0.200000,-0.200000,1.160298
942,-1.568629,0.414189,4.800436,1.146328,-0.097484,-0.901810,0.880000,1.000000,0.520000,-0.200000,-0.200000,1.146328
943,-1.568592,0.402684,4.791417,1.132542,-0.087899,-1.114479,0.860000,1.000000,0.520000,-0.200000,-0.400000,1.132542
944,-1.568574,0.391325,4.780273,1.116670,-0.080241,-1.466074,0.820000,1.000000,0.540000,-0.200000,-0.400000,1.116670
945,-1.568617,0.380130,4.765612,1.101018,-0.069337,-1.788723,0.780000,1.000000,0.560000,0.000000,-0.200000,1.101018
946,-1.568724,0.369098,4.747725,1.101614,-0.051988,-1.918316,0.740000,1.000000,0.540000,0.000000,-0.400000,1.101614
947,-1.568854,0.358070,4.728541,1.099720,-0.037800,-2.183202,0.700000,1.000000,0.540000,0.000000,-0.400000,1.099720
948,-1.569054,0.347069,4.706709,1.097625,-0.021513,-2.416651,0.660000,1.000000,0.540000,0.000000,-0.400000,1.097625
949,-1.569332,0.336094,4.682543,1.095182,-0.003532,-2.619254,0.620000,1.000000,0.560000,0.000000,-0.200000,1.095182
950,-1.569694,0.325148,4.656350,1.094431,0.019007,-2.654447,0.580000,1.000000,0.620000,0.200000,0.000000,1.094431
951,-1.570117,0.314210,4.629806,1.107825,0.046556,-2.432820,0.440000,1.000000,0.680000,0.200000,0.200000,1.107825
952,-1.570567,0.303131,4.605478,1.119425,0.075651,-2.012787,0.420000,1.000000,0.740000,0.200000,0.400000,1.119425
953,-1.571009,0.291920,4.585350,1.128648,0.101717,-1.504208,0.400000,1.000000,0.740000,0.200000,0.400000,1.128648
954,-1.571430,0.280596,4.570308,1.138004,0.121720,-1.001383,0.400000,1.000000,0.720000,0.200000,0.400000,1.138004
955,-1.571837,0.269158,4.560294,1.147805,0.135773,-0.510150,0.380000,1.000000,0.720000,0.200000,0.200000,1.147805
956,-1.572234,0.257607,4.555192,1.160433,0.140365,-0.193250,0.380000,1.000000,0.740000,0.200000,0.400000,1.160433
957,-1.572664,0.245926,4.553260,1.171359,0.145068,0.268316,0.380000,1.000000,0.740000,0.200000,0.200000,1.171359
958,-1.573088,0.234130,4.555943,1.185207,0.140384,0.535057,0.380000,1.000000,0.740000,0.200000,0.200000,1.185207
959,-1.573548,0.222204,4.561294,1.199419,0.132812,0.783928,0.380000,1.000000,0.720000,0.200000,0.200000,1.199419
960,-1.574040,0.210147,4.569133,1.213907,0.122639,1.015247,0.480000,1.000000,0.700000,0.000000,0.200000,1.213907
961,-1.574559,0.197957,4.579285,1.214572,0.110137,1.229043,0.480000,1.000000,0.660000,0.200000,0.200000,1.214572
962,-1.575080,0.185772,4.591576,1.229315,0.095684,1.424564,0.500000,1.000000,0.660000,0.200000,0.200000,1.229315
963,-1.575611,0.173454,4.605822,1.244016,0.079459,1.602222,0.500000,1.000000,0.640000,0.200000,0.200000,1.244016
964,-1.576144,0.161000,4.621844,1.258568,0.061704,1.762036,0.520000,1.000000,0.640000,0.200000,0.200000,1.258568
965,-1.576668,0.148410,4.639464,1.272868,0.042647,1.904293,0.540000,1.000000,0.640000,0.200000,0.000000,1.272868
966,-1.577170,0.135684,4.658507,1.287542,0.016621,1.778288,0.560000,1.000000,0.620000,0.200000,0.200000,1.287542
967,-1.577697,0.122818,4.676290,1.300857,-0.001024,1.901380,0.580000,1.000000,0.600000,0.000000,0.200000,1.300857
968,-1.578177,0.109818,4.695304,1.299799,-0.019698,2.009681,0.620000,1.000000,0.580000,0.000000,0.000000,1.299799
969,-1.578596,0.096826,4.715401,1.299259,-0.044540,1.863497,0.660000,1.000000,0.540000,0.200000,-0.200000,1.299259
970,-1.579002,0.083832,4.734036,1.311178,-0.071543,1.500121,0.680000,1.000000,0.520000,0.200000,-0.200000,1.311178
971,-1.579434,0.070707,4.749037,1.322972,-0.093096,1.146937,0.720000,1.000000,0.500000,0.000000,-0.200000,1.322972
972,-1.579880,0.057453,4.760506,1.320878,-0.109425,0.807664,0.740000,1.000000,0.480000,-0.200000,-0.400000,1.320878
973,-1.580337,0.044206,4.768583,1.302899,-0.123778,0.349903,0.900000,1.000000,0.480000,-0.200000,-0.200000,1.302899
974,-1.580841,0.031128,4.772082,1.287656,-0.128311,0.048757,0.900000,1.000000,0.480000,-0.200000,-0.200000,1.287656
975,-1.581354,0.018198,4.772569,1.272848,-0.128694,-0.235533,0.900000,1.000000,0.480000,-0.200000,-0.200000,1.272848
976,-1.581873,0.005415,4.770214,1.258453,-0.125402,-0.502590,0.900000,1.000000,0.480000,-0.200000,-0.200000,1.258453
977,-1.582398,-0.007221,4.765188,1.244414,-0.118900,-0.752095,0.880000,1.000000,0.480000,-0.200000,-0.400000,1.244414
978,-1.582928,-0.019710,4.757667,1.228471,-0.113451,-1.146782,0.860000,1.000000,0.500000,-0.400000,-0.400000,1.228471
979,-1.583506,-0.032034,4.746199,1.198974,-0.103624,-1.516652,0.820000,1.000000,0.500000,-0.400000,-0.400000,1.198974
980,-1.584136,-0.044051,4.731033,1.169775,-0.090194,-1.857933,0.660000,1.000000,0.480000,0.000000,-0.400000,1.169775
981,-1.584820,-0.055764,4.712453,1.168686,-0.073881,-2.166738,0.640000,1.000000,0.480000,-0.400000,-0.400000,1.168686
982,-1.585558,-0.067451,4.690786,1.139488,-0.054835,-2.441541,0.600000,1.000000,0.480000,0.000000,-0.400000,1.139488
983,-1.586352,-0.078831,4.666371,1.137995,-0.034219,-2.679235,0.560000,1.000000,0.500000,0.000000,-0.400000,1.137995
984,-1.587217,-0.090183,4.639578,1.136017,-0.011919,-2.882791,0.520000,1.000000,0.560000,0.000000,-0.200000,1.136017
985,-1.588163,-0.101505,4.610750,1.135569,0.015053,-2.908977,0.500000,1.000000,0.620000,0.000000,0.200000,1.135569
986,-1.589165,-0.112817,4.581661,1.133722,0.051360,-2.482115,0.460000,1.000000,0.700000,0.000000,0.200000,1.133722
987,-1.590134,-0.124125,4.556840,1.131188,0.081499,-2.060981,0.440000,1.000000,0.800000,0.000000,0.200000,1.131188
988,-1.591081,-0.135426,4.536230,1.128403,0.105687,-1.654382,0.420000,1.000000,0.900000,0.000000,0.200000,1.128403
989,-1.592018,-0.146721,4.519686,1.125698,0.124269,-1.267535,0.420000,1.000000,1.000000,-0.200000,0.400000,1.125698
990,-1.592954,-0.158007,4.507011,1.107127,0.140970,-0.761505,0.400000,1.000000,1.000000,-0.200000,0.400000,1.107127
991,-1.593832,-0.169134,4.499395,1.089213,0.151421,-0.268073,0.400000,1.000000,1.000000,-0.200000,0.400000,1.089213
992,-1.594654,-0.180100,4.496715,1.072110,0.156095,0.208088,0.400000,1.000000,1.000000,0.000000,0.200000,1.072110
993,-1.595424,-0.190906,4.498796,1.072032,0.151163,0.477028,0.400000,1.000000,1.000000,0.000000,0.200000,1.072032
994,-1.596219,-0.201704,4.503566,1.072366,0.143581,0.727516,0.400000,1.000000,1.000000,0.000000,0.200000,1.072366
995,-1.597038,-0.212492,4.510841,1.073021,0.133703,0.959857,0.400000,1.000000,1.000000,0.000000,0.200000,1.073021
996,-1.597876,-0.223273,4.520440,1.073897,0.121866,1.173946,0.400000,1.000000,1.000000,0.000000,0.400000,1.073897
997,-1.598728,-0.234047,4.532179,1.072715,0.112665,1.552044,0.400000,1.000000,1.000000,0.000000,0.400000,1.072715
998,-1.599542,-0.244802,4.547700,1.071862,0.100020,1.898534,0.420000,1.000000,0.880000,0.000000,0.200000,1.071862
999,-1.600313,-0.255540,4.566685,1.073320,0.080179,2.028499,0.440000,1.000000,0.800000,0.000000,0.200000,1.073320
