step,x,y,mu,vx,vy,omega,lidar_l,lidar_c,lidar_r,throttle,steering,reward
0,0.267164,-1.767036,-1.758071,0.000000,0.000000,0.000000,0.180000,0.160000,0.160000,0.300000,-1.000000,0.000000
1,0.267164,-1.767036,-1.758071,0.021000,0.000000,0.000000,0.180000,0.160000,0.160000,0.300000,-1.000000,0.021000
2,0.267125,-1.767242,-1.758071,0.033635,-0.005371,-0.229722,0.180000,0.160000,0.160000,0.300000,-1.000000,0.033635
3,0.267010,-1.767563,-1.760368,0.046656,-0.012607,-0.342974,0.180000,0.160000,0.160000,0.300000,-1.000000,0.046656
4,0.266798,-1.767997,-1.763798,0.060007,-0.016446,-0.600016,0.180000,0.160000,0.160000,0.300000,-1.000000,0.060007
5,0.266522,-1.768555,-1.769798,0.073675,-0.022729,-0.712918,0.180000,0.160000,0.160000,0.300000,-1.000000,0.073675
6,0.266153,-1.769232,-1.776927,0.087502,-0.027284,-0.896326,0.180000,0.160000,0.160000,0.300000,-1.000000,0.087502
7,0.265707,-1.770033,-1.785890,0.101490,-0.032052,-1.052095,0.180000,0.160000,0.160000,0.300000,-1.000000,0.101490
8,0.265177,-1.770956,-1.796411,0.115601,-0.036519,-1.206921,0.180000,0.160000,0.160000,0.300000,-1.000000,0.115601
9,0.264563,-1.772001,-1.808480,0.129826,-0.040731,-1.357633,0.180000,0.160000,0.160000,0.300000,-1.000000,0.129826
10,0.263861,-1.773167,-1.822057,0.144155,-0.044672,-1.504082,0.180000,0.160000,0.160000,0.300000,-1.000000,0.144155
11,0.263070,-1.774452,-1.837097,0.158584,-0.048322,-1.646053,0.180000,0.160000,0.160000,0.300000,-1.000000,0.158584
12,0.262187,-1.775855,-1.853558,0.173108,-0.051661,-1.783287,0.180000,0.160000,0.140000,0.300000,-1.000000,0.173108
13,0.261208,-1.777373,-1.871391,0.187724,-0.054668,-1.915504,0.180000,0.160000,0.140000,0.300000,-1.000000,0.187724
14,0.260130,-1.779004,-1.890546,0.202425,-0.057322,-2.042418,0.180000,0.160000,0.140000,0.300000,-1.000000,0.202425
15,0.258949,-1.780745,-1.910970,0.217206,-0.059605,-2.163743,0.180000,0.160000,0.140000,0.300000,-1.000000,0.217206
16,0.257663,-1.782594,-1.932607,0.232059,-0.061499,-2.279205,0.180000,0.160000,0.140000,0.300000,-1.000000,0.232059
17,0.256266,-1.784547,-1.955400,0.246976,-0.062987,-2.388548,0.180000,0.160000,0.140000,0.300000,-1.000000,0.246976
18,0.254755,-1.786600,-1.979285,0.261945,-0.064056,-2.491534,0.180000,0.160000,0.140000,0.300000,-1.000000,0.261945
19,0.253127,-1.788749,-2.004200,0.276956,-0.064692,-2.587953,0.200000,0.160000,0.140000,0.300000,-1.000000,0.276956
20,0.251377,-1.790991,-2.030080,0.291995,-0.064885,-2.677623,0.200000,0.160000,0.140000,0.300000,-1.000000,0.291995
21,0.249501,-1.793321,-2.056856,0.307046,-0.064629,-2.760392,0.200000,0.160000,0.140000,0.300000,-1.000000,0.307046
22,0.247495,-1.795734,-2.084460,0.322095,-0.063918,-2.836145,0.200000,0.160000,0.140000,0.300000,-1.000000,0.322095
23,0.245356,-1.798225,-2.112821,0.337125,-0.062751,-2.904797,0.200000,0.160000,0.140000,0.300000,-1.000000,0.337125
24,0.243079,-1.800789,-2.141869,0.352119,-0.061128,-2.966304,0.200000,0.160000,0.140000,0.300000,-1.000000,0.352119
25,0.240661,-1.803421,-2.171532,0.367058,-0.059052,-3.020653,0.220000,0.160000,0.140000,0.300000,-1.000000,0.367058
26,0.238099,-1.806115,-2.201739,0.381925,-0.056531,-3.067870,0.220000,0.160000,0.120000,0.300000,-1.000000,0.381925
27,0.235390,-1.808866,-2.232418,0.396702,-0.053574,-3.108013,0.220000,0.160000,0.120000,0.300000,-1.000000,0.396702
28,0.232530,-1.811667,-2.263498,0.411371,-0.050193,-3.141174,0.220000,0.160000,0.120000,0.300000,-1.000000,0.411371
29,0.229517,-1.814512,-2.294910,0.425915,-0.046403,-3.167476,0.240000,0.160000,0.120000,0.300000,-1.000000,0.425915
30,0.226347,-1.817395,-2.326584,0.440318,-0.042222,-3.187069,0.240000,0.160000,0.120000,0.300000,-1.000000,0.440318
31,0.223020,-1.820310,-2.358455,0.454565,-0.037671,-3.200132,0.260000,0.160000,0.120000,0.300000,-1.000000,0.454565
32,0.219533,-1.823250,-2.390456,0.468641,-0.032771,-3.206864,0.260000,0.160000,0.120000,0.300000,-1.000000,0.468641
33,0.215884,-1.826208,-2.422525,0.482535,-0.027547,-3.207485,0.280000,0.160000,0.120000,0.300000,-1.000000,0.482535
34,0.212072,-1.829179,-2.454600,0.496236,-0.022025,-3.202232,0.300000,0.160000,0.120000,0.300000,-1.000000,0.496236
35,0.208095,-1.832156,-2.486622,0.509734,-0.016233,-3.191356,0.320000,0.160000,0.120000,0.300000,-1.000000,0.509734
36,0.203954,-1.835133,-2.518536,0.523023,-0.010200,-3.175121,0.340000,0.160000,0.120000,0.300000,-1.000000,0.523023
37,0.199647,-1.838102,-2.550287,0.536098,-0.003955,-3.153796,0.380000,0.180000,0.120000,0.300000,-1.000000,0.536098
38,0.195174,-1.841057,-2.581825,0.548954,0.002470,-3.127658,0.420000,0.180000,0.120000,0.300000,-1.000000,0.548954
39,0.190536,-1.843993,-2.613101,0.561591,0.009045,-3.096988,0.480000,0.180000,0.120000,0.300000,-1.000000,0.561591
40,0.185731,-1.846903,-2.644071,0.574009,0.015737,-3.062067,0.560000,0.180000,0.120000,0.300000,-1.000000,0.574009
41,0.180762,-1.849781,-2.674692,0.586210,0.022515,-3.023179,0.700000,0.180000,0.120000,0.300000,-1.000000,0.586210
42,0.175629,-1.852620,-2.704924,0.598199,0.029349,-2.980602,0.900000,0.200000,0.120000,-0.100000,-1.000000,0.598199
43,0.170332,-1.855416,-2.734730,0.581982,0.036207,-2.934614,1.000000,0.200000,0.120000,-0.700000,-1.000000,0.581982
44,0.165131,-1.858052,-2.764076,0.523571,0.042087,-2.878041,1.000000,0.200000,0.120000,-0.700000,-1.000000,0.523571
45,0.160419,-1.860373,-2.792856,0.465014,0.045537,-2.801229,1.000000,0.220000,0.120000,-0.700000,-1.000000,0.465014
46,0.156205,-1.862390,-2.820869,0.406395,0.046592,-2.707324,1.000000,0.240000,0.120000,-0.700000,-1.000000,0.406395
47,0.152495,-1.864113,-2.847942,0.347797,0.045325,-2.598850,1.000000,0.240000,0.120000,-0.700000,-1.000000,0.347797
48,0.149297,-1.865554,-2.873930,0.289290,0.041841,-2.477755,1.000000,0.260000,0.120000,-0.700000,-1.000000,0.289290
49,0.146618,-1.866723,-2.898708,0.230940,0.036271,-2.345459,1.000000,0.280000,0.120000,-0.700000,-1.000000,0.230940
50,0.144463,-1.867630,-2.922163,0.172805,0.028768,-2.202856,1.000000,0.320000,0.140000,-0.700000,-1.000000,0.172805
51,0.142839,-1.868287,-2.944191,0.114950,0.019523,-2.050129,1.000000,0.340000,0.140000,-0.600000,-1.000000,0.114950
52,0.141750,-1.868704,-2.964692,0.064538,0.008822,-1.884984,1.000000,0.380000,0.140000,-0.600000,-0.900000,0.064538
53,0.141131,-1.868904,-2.983542,0.016988,-0.002203,-1.679812,1.000000,0.420000,0.140000,-0.600000,-0.900000,0.016988
54,0.140959,-1.868909,-3.000340,-0.018927,-0.005021,-1.089959,1.000000,0.480000,0.140000,-0.500000,-0.800000,-0.018927
55,0.141140,-1.868833,-3.011240,-0.053872,-0.005227,-1.089959,1.000000,0.500000,0.160000,-0.500000,-0.800000,-0.053872
56,0.141667,-1.868711,-3.022140,-0.088816,-0.005814,-1.089959,1.000000,0.560000,0.160000,-0.500000,-0.600000,-0.088816
57,0.142542,-1.868547,-3.033039,-0.123753,-0.006782,-1.089959,1.000000,0.620000,0.160000,-0.400000,-0.500000,-0.123753
58,0.143765,-1.868346,-3.043939,-0.151680,-0.008131,-1.089959,1.000000,0.680000,0.160000,-0.400000,-0.400000,-0.151680
59,0.145266,-1.868117,-3.054838,-0.179594,-0.009785,-1.089959,1.000000,0.760000,0.160000,-0.300000,-0.300000,-0.179594
60,0.147047,-1.867864,-3.065738,-0.200490,-0.011742,-1.089959,1.000000,0.880000,0.160000,0.100000,0.100000,-0.200490
61,0.149037,-1.867595,-3.076637,-0.193365,-0.013927,-1.089959,1.000000,1.000000,0.180000,0.300000,0.400000,-0.193365
62,0.150958,-1.867331,-3.087537,-0.172217,-0.016035,-1.089959,1.000000,1.000000,0.180000,0.300000,0.400000,-0.172217
63,0.152669,-1.867077,-3.098437,-0.151044,-0.017912,-1.089959,1.000000,1.000000,0.180000,0.300000,0.400000,-0.151044
64,0.154170,-1.866833,-3.109336,-0.129851,-0.019558,-1.089959,1.000000,1.000000,0.180000,0.300000,0.400000,-0.129851
65,0.155462,-1.866596,-3.120236,-0.108639,-0.020974,-1.089959,1.000000,1.000000,0.200000,0.300000,0.400000,-0.108639
66,0.156543,-1.866363,-3.131135,-0.087412,-0.022158,-1.089959,1.000000,1.000000,0.200000,0.300000,0.400000,-0.087412
67,0.157415,-1.866132,-3.142035,-0.066171,-0.023111,-1.089959,0.980000,1.000000,0.200000,0.300000,0.400000,-0.066171
68,0.158077,-1.865902,-3.152935,-0.044919,-0.023832,-1.089959,0.960000,1.000000,0.220000,0.400000,0.400000,-0.044919
69,0.158529,-1.865668,-3.163834,-0.016660,-0.024321,-1.089959,0.920000,1.000000,0.220000,0.500000,0.400000,-0.016660
70,0.158701,-1.865429,-3.174734,0.018605,-0.024503,-1.089959,0.900000,1.000000,0.220000,0.500000,0.400000,0.018605
71,0.158523,-1.865178,-3.185633,0.049971,-0.022883,-0.315178,0.880000,1.000000,0.240000,0.500000,0.400000,0.049971
72,0.158034,-1.864927,-3.188785,0.081178,-0.007451,-0.222759,0.880000,1.000000,0.240000,0.500000,0.400000,0.081178
73,0.157226,-1.864814,-3.191013,0.112603,0.001266,0.138480,0.860000,1.000000,0.240000,0.500000,0.400000,0.112603
74,0.156101,-1.864771,-3.189628,0.144579,0.009263,0.395887,0.860000,1.000000,0.240000,0.500000,0.400000,0.144579
75,0.154653,-1.864795,-3.185669,0.177088,0.015560,0.607751,0.880000,1.000000,0.240000,0.500000,0.400000,0.177088
76,0.152877,-1.864872,-3.179592,0.209953,0.020615,0.790893,0.880000,1.000000,0.240000,0.500000,0.400000,0.209953
77,0.150771,-1.864998,-3.171683,0.243038,0.024752,0.957463,0.900000,1.000000,0.220000,0.500000,0.400000,0.243038
78,0.148334,-1.865173,-3.162108,0.276264,0.028129,1.113742,0.920000,1.000000,0.220000,0.500000,0.400000,0.276264
79,0.145566,-1.865397,-3.150971,0.309586,0.030808,1.262869,0.960000,1.000000,0.220000,0.400000,0.400000,0.309586
80,0.142468,-1.865676,-3.138342,0.335974,0.032802,1.406431,1.000000,1.000000,0.200000,0.300000,0.400000,0.335974
81,0.139109,-1.866015,-3.124278,0.355443,0.034137,1.540254,1.000000,1.000000,0.200000,0.300000,0.400000,0.355443
82,0.135561,-1.866418,-3.108875,0.374998,0.034882,1.661559,1.000000,1.000000,0.180000,0.300000,0.400000,0.374998
83,0.131824,-1.866889,-3.092259,0.394603,0.035078,1.773171,1.000000,1.000000,0.180000,0.300000,0.400000,0.394603
84,0.127900,-1.867434,-3.074528,0.414231,0.034750,1.877031,1.000000,1.000000,0.180000,0.300000,0.400000,0.414231
85,0.123791,-1.868058,-3.055757,0.433856,0.033916,1.974488,1.000000,0.780000,0.160000,-0.100000,-0.200000,0.433856
86,0.119497,-1.868768,-3.036013,0.425865,0.019613,1.511706,1.000000,0.620000,0.160000,-0.300000,-0.500000,0.425865
87,0.115283,-1.869412,-3.020895,0.400603,0.007209,1.041744,1.000000,0.540000,0.160000,-0.400000,-0.700000,0.400603
88,0.111315,-1.869966,-3.010478,0.366379,-0.002179,0.613122,1.000000,0.500000,0.140000,-0.500000,-0.800000,0.366379
89,0.107680,-1.870423,-3.004347,0.324310,-0.009226,0.221268,1.000000,0.480000,0.140000,-0.500000,-0.800000,0.324310
90,0.104454,-1.870776,-3.002134,0.282283,-0.015027,-0.152793,1.000000,0.460000,0.140000,-0.500000,-0.800000,0.282283
91,0.101638,-1.871019,-3.003662,0.240370,-0.020125,-0.499044,1.000000,0.460000,0.140000,-0.500000,-0.800000,0.240370
92,0.099229,-1.871151,-3.008652,0.198652,-0.025023,-0.807387,1.000000,0.480000,0.140000,-0.500000,-0.800000,0.198652
93,0.097227,-1.871166,-3.016726,0.157260,-0.030099,-1.067561,1.000000,0.520000,0.140000,-0.500000,-0.700000,0.157260
94,0.095629,-1.871063,-3.027402,0.117746,-0.035267,-1.259013,1.000000,0.560000,0.160000,-0.500000,-0.600000,0.117746
95,0.094419,-1.870847,-3.039992,0.082278,-0.036906,-1.228854,1.000000,0.640000,0.160000,-0.400000,-0.500000,0.082278
96,0.093564,-1.870563,-3.052281,0.057544,-0.032241,-0.935750,1.000000,0.720000,0.160000,-0.300000,-0.300000,0.057544
97,0.092962,-1.870293,-3.061638,0.039479,-0.022384,-0.610946,1.000000,0.800000,0.160000,-0.200000,-0.200000,0.039479
98,0.092550,-1.870102,-3.067748,0.027465,-0.011135,-0.312508,1.000000,0.880000,0.160000,0.100000,0.100000,0.027465
99,0.092268,-1.870011,-3.070873,0.033535,-0.000414,0.049200,1.000000,0.920000,0.160000,0.100000,0.100000,0.033535
100,0.091933,-1.870031,-3.070381,0.040322,0.003713,0.041047,1.000000,0.900000,0.160000,0.100000,0.100000,0.040322
101,0.091534,-1.870096,-3.069970,0.047388,0.001094,0.108492,1.000000,0.900000,0.160000,0.100000,0.100000,0.047388
102,0.091062,-1.870141,-3.068885,0.054356,0.003136,0.036952,1.000000,0.880000,0.160000,0.100000,0.100000,0.054356
103,0.090522,-1.870212,-3.068516,0.061287,0.002620,0.125165,1.000000,0.880000,0.160000,0.100000,0.100000,0.061287
104,0.089913,-1.870283,-3.067264,0.068295,0.003333,0.082127,1.000000,0.860000,0.160000,0.000000,0.000000,0.068295
105,0.089234,-1.870367,-3.066443,0.068297,0.000441,-0.010622,1.000000,0.860000,0.160000,0.000000,0.000000,0.068297
106,0.088553,-1.870422,-3.066549,0.068297,-0.000009,0.006090,1.000000,0.860000,0.160000,0.000000,0.000000,0.068297
107,0.087872,-1.870473,-3.066488,0.068296,0.000016,-0.002288,1.000000,0.860000,0.160000,0.000000,0.000000,0.068296
108,0.087191,-1.870525,-3.066511,0.068296,-0.000005,0.000923,1.000000,0.860000,0.160000,0.000000,0.000000,0.068296
109,0.086510,-1.870576,-3.066502,0.068295,0.000002,-0.000367,1.000000,0.860000,0.160000,0.000000,0.000000,0.068295
110,0.085829,-1.870627,-3.066505,0.068295,-0.000001,0.000147,1.000000,0.860000,0.160000,0.000000,0.000000,0.068295
111,0.085148,-1.870679,-3.066504,0.068295,0.000000,-0.000058,1.000000,0.860000,0.160000,0.000000,0.000000,0.068295
112,0.084467,-1.870730,-3.066505,0.068294,-0.000000,0.000023,1.000000,0.860000,0.160000,0.000000,0.000000,0.068294
113,0.083786,-1.870781,-3.066504,0.068294,0.000000,-0.000009,1.000000,0.860000,0.160000,0.000000,0.000000,0.068294
114,0.083105,-1.870832,-3.066504,0.068293,-0.000000,0.000004,1.000000,0.860000,0.160000,0.000000,0.000000,0.068293
115,0.082424,-1.870883,-3.066504,0.068293,0.000000,-0.000001,1.000000,0.860000,0.160000,0.000000,0.000000,0.068293
116,0.081743,-1.870935,-3.066504,0.068293,-0.000000,0.000001,1.000000,0.860000,0.160000,0.000000,0.000000,0.068293
117,0.081062,-1.870986,-3.066504,0.068292,0.000000,-0.000000,1.000000,0.860000,0.160000,0.000000,0.000000,0.068292
118,0.080381,-1.871037,-3.066504,0.068292,-0.000000,0.000000,1.000000,0.860000,0.160000,0.000000,0.000000,0.068292
119,0.079700,-1.871088,-3.066504,0.068291,0.000000,-0.000000,1.000000,0.860000,0.160000,0.000000,0.000000,0.068291
120,0.079019,-1.871140,-3.066504,0.068291,-0.000000,0.000000,1.000000,0.860000,0.160000,0.000000,0.000000,0.068291
121,0.078338,-1.871191,-3.066504,0.068291,0.000000,-0.000000,1.000000,0.860000,0.160000,0.000000,0.000000,0.068291
122,0.077657,-1.871242,-3.066504,0.068290,-0.000000,0.000000,1.000000,0.840000,0.160000,0.000000,0.000000,0.068290
123,0.076976,-1.871293,-3.066504,0.068290,0.000000,-0.000000,1.000000,0.840000,0.160000,0.000000,0.000000,0.068290
124,0.076295,-1.871345,-3.066504,0.068289,-0.000000,0.000000,1.000000,0.840000,0.160000,0.000000,0.000000,0.068289
125,0.075614,-1.871396,-3.066504,0.068289,0.000000,-0.000000,1.000000,0.840000,0.160000,0.000000,0.000000,0.068289
126,0.074933,-1.871447,-3.066504,0.068289,-0.000000,0.000000,1.000000,0.840000,0.160000,0.000000,0.000000,0.068289
127,0.074252,-1.871498,-3.066504,0.068288,0.000000,-0.000000,1.000000,0.840000,0.160000,0.000000,0.000000,0.068288
128,0.073571,-1.871549,-3.066504,0.068288,-0.000000,0.000000,1.000000,0.840000,0.160000,0.000000,0.000000,0.068288
129,0.072890,-1.871601,-3.066504,0.068287,0.000000,-0.000000,1.000000,0.840000,0.160000,0.000000,0.000000,0.068287
130,0.072210,-1.871652,-3.066504,0.068287,-0.000000,0.000000,1.000000,0.840000,0.160000,0.000000,0.000000,0.068287
131,0.071529,-1.871703,-3.066504,0.068287,0.000000,-0.000000,1.000000,0.840000,0.160000,0.000000,0.000000,0.068287
132,0.070848,-1.871754,-3.066504,0.068286,-0.000000,0.000000,1.000000,0.840000,0.160000,0.000000,0.000000,0.068286
133,0.070167,-1.871806,-3.066504,0.068286,0.000000,-0.000000,1.000000,0.840000,0.160000,0.000000,0.000000,0.068286
134,0.069486,-1.871857,-3.066504,0.068285,-0.000000,0.000000,1.000000,0.840000,0.160000,0.000000,0.000000,0.068285
135,0.068805,-1.871908,-3.066504,0.068285,0.000000,-0.000000,1.000000,0.840000,0.160000,0.000000,0.000000,0.068285
136,0.068124,-1.871959,-3.066504,0.068285,-0.000000,0.000000,1.000000,0.840000,0.160000,0.000000,0.000000,0.068285
137,0.067443,-1.872010,-3.066504,0.068284,0.000000,-0.000000,1.000000,0.840000,0.160000,0.000000,0.000000,0.068284
138,0.066762,-1.872062,-3.066504,0.068284,-0.000000,0.000000,1.000000,0.840000,0.160000,0.000000,0.000000,0.068284
139,0.066081,-1.872113,-3.066504,0.068283,0.000000,-0.000000,1.000000,0.840000,0.160000,0.000000,0.000000,0.068283
140,0.065400,-1.872164,-3.066504,0.068283,-0.000000,0.000000,1.000000,0.840000,0.160000,0.000000,0.000000,0.068283
141,0.064719,-1.872215,-3.066504,0.068283,0.000000,-0.000000,1.000000,0.840000,0.160000,0.000000,0.000000,0.068283
142,0.064038,-1.872267,-3.066504,0.068282,-0.000000,0.000000,1.000000,0.840000,0.160000,0.000000,0.000000,0.068282
143,0.063358,-1.872318,-3.066504,0.068282,0.000000,-0.000000,1.000000,0.840000,0.160000,0.000000,0.000000,0.068282
144,0.062677,-1.872369,-3.066504,0.068281,-0.000000,0.000000,1.000000,0.840000,0.160000,0.000000,0.000000,0.068281
145,0.061996,-1.872420,-3.066504,0.068281,0.000000,-0.000000,1.000000,0.840000,0.160000,0.000000,0.000000,0.068281
146,0.061315,-1.872472,-3.066504,0.068281,-0.000000,0.000000,1.000000,0.840000,0.160000,0.000000,0.000000,0.068281
147,0.060634,-1.872523,-3.066504,0.068280,0.000000,-0.000000,1.000000,0.840000,0.160000,0.000000,0.000000,0.068280
148,0.059953,-1.872574,-3.066504,0.068280,-0.000000,0.000000,1.000000,0.840000,0.160000,0.000000,0.000000,0.068280
149,0.059272,-1.872625,-3.066504,0.068279,0.000000,-0.000000,1.000000,0.840000,0.160000,0.000000,0.000000,0.068279
150,0.058591,-1.872676,-3.066504,0.068279,-0.000000,0.000000,1.000000,0.840000,0.160000,0.000000,0.000000,0.068279
151,0.057910,-1.872728,-3.066504,0.068279,0.000000,-0.000000,1.000000,0.840000,0.160000,0.000000,0.000000,0.068279
152,0.057230,-1.872779,-3.066504,0.068278,-0.000000,0.000000,1.000000,0.840000,0.160000,0.000000,0.000000,0.068278
153,0.056549,-1.872830,-3.066504,0.068278,0.000000,-0.000000,1.000000,0.840000,0.160000,0.000000,0.000000,0.068278
154,0.055868,-1.872881,-3.066504,0.068277,-0.000000,0.000000,1.000000,0.840000,0.160000,0.000000,0.000000,0.068277
155,0.055187,-1.872932,-3.066504,0.068277,0.000000,-0.000000,1.000000,0.840000,0.160000,0.000000,0.000000,0.068277
156,0.054506,-1.872984,-3.066504,0.068277,-0.000000,0.000000,1.000000,0.840000,0.160000,0.000000,0.000000,0.068277
157,0.053825,-1.873035,-3.066504,0.068276,0.000000,-0.000000,1.000000,0.840000,0.160000,0.000000,0.000000,0.068276
158,0.053145,-1.873086,-3.066504,0.068276,-0.000000,0.000000,1.000000,0.840000,0.160000,0.000000,0.000000,0.068276
159,0.052464,-1.873137,-3.066504,0.068275,0.000000,-0.000000,1.000000,0.820000,0.160000,0.000000,0.000000,0.068275
160,0.051783,-1.873189,-3.066504,0.068275,-0.000000,0.000000,1.000000,0.820000,0.160000,0.000000,0.000000,0.068275
161,0.051102,-1.873240,-3.066504,0.068275,0.000000,-0.000000,1.000000,0.820000,0.160000,0.000000,0.000000,0.068275
162,0.050421,-1.873291,-3.066504,0.068274,-0.000000,0.000000,1.000000,0.820000,0.160000,0.000000,0.000000,0.068274
163,0.049740,-1.873342,-3.066504,0.068274,0.000000,-0.000000,1.000000,0.820000,0.160000,0.000000,0.000000,0.068274
164,0.049060,-1.873393,-3.066504,0.068273,-0.000000,0.000000,1.000000,0.820000,0.160000,0.000000,0.000000,0.068273
165,0.048379,-1.873445,-3.066504,0.068273,0.000000,-0.000000,1.000000,0.820000,0.160000,0.000000,0.000000,0.068273
166,0.047698,-1.873496,-3.066504,0.068273,-0.000000,0.000000,1.000000,0.820000,0.160000,0.000000,0.000000,0.068273
167,0.047017,-1.873547,-3.066504,0.068272,0.000000,-0.000000,1.000000,0.820000,0.160000,0.000000,0.000000,0.068272
168,0.046336,-1.873598,-3.066504,0.068272,-0.000000,0.000000,1.000000,0.820000,0.160000,0.000000,0.000000,0.068272
169,0.045656,-1.873650,-3.066504,0.068271,0.000000,-0.000000,1.000000,0.820000,0.160000,0.000000,0.000000,0.068271
170,0.044975,-1.873701,-3.066504,0.068271,-0.000000,0.000000,1.000000,0.820000,0.160000,0.000000,0.000000,0.068271
171,0.044294,-1.873752,-3.066504,0.068271,0.000000,-0.000000,1.000000,0.820000,0.160000,0.000000,0.000000,0.068271
172,0.043613,-1.873803,-3.066504,0.068270,-0.000000,0.000000,1.000000,0.820000,0.160000,0.000000,0.000000,0.068270
173,0.042932,-1.873854,-3.066504,0.068270,0.000000,-0.000000,1.000000,0.820000,0.160000,0.000000,0.000000,0.068270
174,0.042252,-1.873906,-3.066504,0.068269,-0.000000,0.000000,1.000000,0.820000,0.160000,0.000000,0.000000,0.068269
175,0.041571,-1.873957,-3.066504,0.068269,0.000000,-0.000000,1.000000,0.820000,0.160000,0.000000,0.000000,0.068269
176,0.040890,-1.874008,-3.066504,0.068269,-0.000000,0.000000,1.000000,0.820000,0.160000,0.000000,0.000000,0.068269
177,0.040209,-1.874059,-3.066504,0.068268,0.000000,-0.000000,1.000000,0.820000,0.160000,0.000000,0.000000,0.068268
178,0.039529,-1.874110,-3.066504,0.068268,-0.000000,0.000000,1.000000,0.820000,0.160000,0.000000,0.000000,0.068268
179,0.038848,-1.874162,-3.066504,0.068267,0.000000,-0.000000,1.000000,0.820000,0.160000,0.000000,0.000000,0.068267
180,0.038167,-1.874213,-3.066504,0.068267,-0.000000,0.000000,1.000000,0.820000,0.160000,0.000000,0.000000,0.068267
181,0.037486,-1.874264,-3.066504,0.068267,0.000000,-0.000000,1.000000,0.820000,0.160000,0.000000,0.000000,0.068267
182,0.036806,-1.874315,-3.066504,0.068266,-0.000000,0.000000,1.000000,0.820000,0.160000,0.000000,0.000000,0.068266
183,0.036125,-1.874367,-3.066504,0.068266,0.000000,-0.000000,1.000000,0.820000,0.160000,0.000000,0.000000,0.068266
184,0.035444,-1.874418,-3.066504,0.068265,-0.000000,0.000000,1.000000,0.820000,0.160000,0.000000,0.000000,0.068265
185,0.034763,-1.874469,-3.066504,0.068265,0.000000,-0.000000,1.000000,0.820000,0.160000,0.000000,0.000000,0.068265
186,0.034083,-1.874520,-3.066504,0.068265,-0.000000,0.000000,1.000000,0.820000,0.160000,0.000000,0.000000,0.068265
187,0.033402,-1.874571,-3.066504,0.068264,0.000000,-0.000000,1.000000,0.820000,0.160000,0.000000,0.000000,0.068264
188,0.032721,-1.874623,-3.066504,0.068264,-0.000000,0.000000,1.000000,0.820000,0.160000,0.000000,0.000000,0.068264
189,0.032041,-1.874674,-3.066504,0.068263,0.000000,-0.000000,1.000000,0.820000,0.160000,0.000000,0.000000,0.068263
190,0.031360,-1.874725,-3.066504,0.068263,-0.000000,0.000000,1.000000,0.820000,0.160000,0.000000,0.000000,0.068263
191,0.030679,-1.874776,-3.066504,0.068263,0.000000,-0.000000,1.000000,0.820000,0.160000,0.000000,0.000000,0.068263
192,0.029998,-1.874827,-3.066504,0.068262,-0.000000,0.000000,1.000000,0.820000,0.160000,0.000000,0.000000,0.068262
193,0.029318,-1.874879,-3.066504,0.068262,0.000000,-0.000000,1.000000,0.820000,0.160000,0.000000,0.000000,0.068262
194,0.028637,-1.874930,-3.066504,0.068261,-0.000000,0.000000,1.000000,0.820000,0.160000,0.000000,0.000000,0.068261
195,0.027956,-1.874981,-3.066504,0.068261,0.000000,-0.000000,1.000000,0.820000,0.160000,0.000000,0.000000,0.068261
196,0.027276,-1.875032,-3.066504,0.068261,-0.000000,0.000000,1.000000,0.800000,0.160000,-0.200000,-0.200000,0.068261
197,0.026595,-1.875083,-3.066504,0.053183,-0.005314,-0.227281,1.000000,0.800000,0.160000,-0.200000,-0.200000,0.053183
198,0.026061,-1.875070,-3.068777,0.039319,-0.005970,-0.133339,1.000000,0.840000,0.160000,0.000000,0.000000,0.039319
199,0.025664,-1.875039,-3.070111,0.039327,0.001711,0.069339,1.000000,0.840000,0.160000,0.000000,0.000000,0.039327
200,0.025273,-1.875085,-3.069417,0.039328,-0.000647,-0.076233,1.000000,0.840000,0.160000,0.000000,0.000000,0.039328
201,0.024880,-1.875106,-3.070180,0.039329,-0.000012,0.096064,1.000000,0.840000,0.160000,0.000000,0.000000,0.039329
202,0.024488,-1.875134,-3.069219,0.039328,0.000453,-0.124492,1.000000,0.840000,0.160000,0.000000,0.000000,0.039328
203,0.024096,-1.875167,-3.070464,0.039328,-0.000701,0.155963,1.000000,0.860000,0.160000,0.000000,0.000000,0.039328
204,0.023703,-1.875188,-3.068904,0.039327,0.000756,-0.183411,1.000000,0.840000,0.160000,0.000000,0.000000,0.039327
205,0.023312,-1.875224,-3.070738,0.039325,-0.000691,0.202651,1.000000,0.860000,0.160000,0.000000,0.000000,0.039325
206,0.022919,-1.875245,-3.068712,0.039324,0.000610,-0.214175,1.000000,0.840000,0.160000,0.000000,0.000000,0.039324
207,0.022527,-1.875280,-3.070854,0.039322,-0.000558,0.220415,1.000000,0.860000,0.160000,0.000000,0.000000,0.039322
208,0.022135,-1.875302,-3.068649,0.039321,0.000530,-0.223577,1.000000,0.820000,0.160000,0.000000,0.000000,0.039321
209,0.021743,-1.875336,-3.070885,0.039319,-0.000516,0.225117,1.000000,0.860000,0.160000,0.000000,0.000000,0.039319
210,0.021350,-1.875359,-3.068634,0.039318,0.000509,-0.225855,1.000000,0.820000,0.160000,0.000000,0.000000,0.039318
211,0.020958,-1.875393,-3.070893,0.039317,-0.000506,0.226211,1.000000,0.860000,0.160000,0.000000,0.000000,0.039317
212,0.020566,-1.875415,-3.068630,0.039316,0.000505,-0.226386,1.000000,0.820000,0.160000,0.000000,0.000000,0.039316
213,0.020174,-1.875449,-3.070894,0.039314,-0.000504,0.226477,1.000000,0.860000,0.160000,0.000000,0.000000,0.039314
214,0.019782,-1.875472,-3.068630,0.039313,0.000504,-0.226529,1.000000,0.820000,0.160000,0.000000,0.000000,0.039313
215,0.019390,-1.875506,-3.070895,0.039312,-0.000504,0.226563,1.000000,0.860000,0.160000,0.000000,0.000000,0.039312
216,0.018997,-1.875528,-3.068629,0.039310,0.000503,-0.226589,1.000000,0.820000,0.160000,0.000000,0.000000,0.039310
217,0.018606,-1.875562,-3.070895,0.039309,-0.000503,0.226610,1.000000,0.860000,0.160000,0.000000,0.000000,0.039309
218,0.018213,-1.875585,-3.068629,0.039308,0.000503,-0.226630,1.000000,0.820000,0.160000,0.000000,0.000000,0.039308
219,0.017822,-1.875618,-3.070895,0.039307,-0.000503,0.226649,1.000000,0.860000,0.160000,0.000000,0.000000,0.039307
220,0.017429,-1.875641,-3.068629,0.039305,0.000503,-0.226668,1.000000,0.820000,0.160000,0.000000,0.000000,0.039305
221,0.017038,-1.875675,-3.070895,0.039304,-0.000503,0.226686,1.000000,0.860000,0.160000,0.000000,0.000000,0.039304
222,0.016645,-1.875698,-3.068629,0.039303,0.000503,-0.226705,1.000000,0.820000,0.160000,0.000000,0.000000,0.039303
223,0.016253,-1.875731,-3.070896,0.039302,-0.000503,0.226723,1.000000,0.860000,0.160000,0.000000,0.000000,0.039302
224,0.015861,-1.875754,-3.068628,0.039300,0.000503,-0.226741,1.000000,0.820000,0.160000,0.000000,0.000000,0.039300
225,0.015470,-1.875788,-3.070896,0.039299,-0.000503,0.226759,1.000000,0.860000,0.160000,0.000000,0.000000,0.039299
226,0.015077,-1.875810,-3.068628,0.039298,0.000502,-0.226778,1.000000,0.820000,0.160000,0.000000,0.000000,0.039298
227,0.014686,-1.875844,-3.070896,0.039296,-0.000502,0.226796,1.000000,0.840000,0.160000,0.000000,0.000000,0.039296
228,0.014293,-1.875867,-3.068628,0.039295,0.000502,-0.226814,1.000000,0.820000,0.160000,0.000000,0.000000,0.039295
229,0.013902,-1.875900,-3.070896,0.039294,-0.000502,0.226833,1.000000,0.840000,0.160000,0.000000,0.000000,0.039294
230,0.013509,-1.875923,-3.068628,0.039293,0.000502,-0.226851,1.000000,0.820000,0.160000,0.000000,0.000000,0.039293
231,0.013118,-1.875957,-3.070896,0.039291,-0.000502,0.226869,1.000000,0.840000,0.160000,0.000000,0.000000,0.039291
232,0.012726,-1.875980,-3.068628,0.039290,0.000502,-0.226887,1.000000,0.820000,0.160000,0.000000,0.000000,0.039290
233,0.012334,-1.876013,-3.070897,0.039289,-0.000502,0.226906,1.000000,0.840000,0.160000,0.000000,0.000000,0.039289
234,0.011942,-1.876036,-3.068628,0.039288,0.000502,-0.226924,1.000000,0.820000,0.160000,0.000000,0.000000,0.039288
235,0.011550,-1.876070,-3.070897,0.039286,-0.000502,0.226942,1.000000,0.840000,0.160000,0.000000,0.000000,0.039286
236,0.011158,-1.876092,-3.068627,0.039285,0.000502,-0.226960,1.000000,0.820000,0.160000,0.000000,0.000000,0.039285
237,0.010767,-1.876126,-3.070897,0.039284,-0.000502,0.226979,1.000000,0.840000,0.160000,0.000000,0.000000,0.039284
238,0.010374,-1.876149,-3.068627,0.039282,0.000501,-0.226997,1.000000,0.820000,0.160000,0.000000,0.000000,0.039282
239,0.009983,-1.876182,-3.070897,0.039281,-0.000501,0.227015,1.000000,0.840000,0.160000,0.000000,0.000000,0.039281
240,0.009591,-1.876205,-3.068627,0.039280,0.000501,-0.227033,1.000000,0.820000,0.160000,0.000000,0.000000,0.039280
241,0.009199,-1.876239,-3.070897,0.039279,-0.000501,0.227051,1.000000,0.840000,0.160000,0.000000,0.000000,0.039279
242,0.008807,-1.876261,-3.068627,0.039277,0.000501,-0.227070,1.000000,0.820000,0.160000,0.000000,0.000000,0.039277
243,0.008416,-1.876295,-3.070898,0.039276,-0.000501,0.227088,1.000000,0.840000,0.160000,0.000000,0.000000,0.039276
244,0.008024,-1.876318,-3.068627,0.039275,0.000501,-0.227106,1.000000,0.820000,0.160000,0.000000,0.000000,0.039275
245,0.007633,-1.876351,-3.070898,0.039274,-0.000501,0.227124,1.000000,0.840000,0.160000,0.000000,0.000000,0.039274
246,0.007240,-1.876374,-3.068626,0.039272,0.000501,-0.227143,1.000000,0.820000,0.160000,0.000000,0.000000,0.039272
247,0.006849,-1.876408,-3.070898,0.039271,-0.000501,0.227161,1.000000,0.840000,0.160000,0.000000,0.000000,0.039271
248,0.006457,-1.876431,-3.068626,0.039270,0.000501,-0.227179,1.000000,0.820000,0.160000,0.000000,0.000000,0.039270
249,0.006066,-1.876464,-3.070898,0.039269,-0.000501,0.227197,1.000000,0.840000,0.160000,0.000000,0.000000,0.039269
250,0.005674,-1.876487,-3.068626,0.039267,0.000501,-0.227215,1.000000,0.820000,0.160000,0.000000,0.000000,0.039267
251,0.005282,-1.876521,-3.070898,0.039266,-0.000500,0.227234,1.000000,0.840000,0.160000,0.000000,0.000000,0.039266
252,0.004890,-1.876543,-3.068626,0.039265,0.000500,-0.227252,1.000000,0.820000,0.160000,0.000000,0.000000,0.039265
253,0.004499,-1.876577,-3.070898,0.039263,-0.000500,0.227270,1.000000,0.840000,0.160000,0.000000,0.000000,0.039263
254,0.004107,-1.876600,-3.068626,0.039262,0.000500,-0.227288,1.000000,0.820000,0.160000,0.000000,0.000000,0.039262
255,0.003716,-1.876633,-3.070899,0.039261,-0.000500,0.227306,1.000000,0.840000,0.160000,0.000000,0.000000,0.039261
256,0.003324,-1.876656,-3.068626,0.039260,0.000500,-0.227325,1.000000,0.820000,0.160000,0.000000,0.000000,0.039260
257,0.002933,-1.876690,-3.070899,0.039258,-0.000500,0.227343,1.000000,0.840000,0.160000,0.000000,0.000000,0.039258
258,0.002541,-1.876712,-3.068625,0.039257,0.000500,-0.227361,1.000000,0.820000,0.160000,0.000000,0.000000,0.039257
259,0.002150,-1.876746,-3.070899,0.039256,-0.000500,0.227379,1.000000,0.840000,0.160000,0.000000,0.000000,0.039256
260,0.001758,-1.876769,-3.068625,0.039255,0.000500,-0.227397,1.000000,0.820000,0.160000,0.000000,0.000000,0.039255
261,0.001367,-1.876802,-3.070899,0.039253,-0.000500,0.227415,1.000000,0.840000,0.160000,0.000000,0.000000,0.039253
262,0.000975,-1.876825,-3.068625,0.039252,0.000500,-0.227434,1.000000,0.820000,0.160000,0.000000,0.000000,0.039252
263,0.000584,-1.876859,-3.070899,0.039251,-0.000499,0.227452,1.000000,0.840000,0.160000,0.000000,0.000000,0.039251
264,0.000192,-1.876881,-3.068625,0.039249,0.000499,-0.227470,1.000000,0.820000,0.160000,0.000000,0.000000,0.039249
265,-0.000199,-1.876915,-3.070900,0.039248,-0.000499,0.227488,1.000000,0.840000,0.160000,0.000000,0.000000,0.039248
266,-0.000591,-1.876938,-3.068625,0.039247,0.000499,-0.227506,1.000000,0.820000,0.160000,0.000000,0.000000,0.039247
267,-0.000982,-1.876971,-3.070900,0.039246,-0.000499,0.227524,1.000000,0.840000,0.160000,0.000000,0.000000,0.039246
268,-0.001374,-1.876994,-3.068624,0.039244,0.000499,-0.227543,1.000000,0.820000,0.160000,0.000000,0.000000,0.039244
269,-0.001765,-1.877028,-3.070900,0.039243,-0.000499,0.227561,1.000000,0.840000,0.160000,0.000000,0.000000,0.039243
270,-0.002157,-1.877050,-3.068624,0.039242,0.000499,-0.227579,1.000000,0.820000,0.160000,0.000000,0.000000,0.039242
271,-0.002548,-1.877084,-3.070900,0.039241,-0.000499,0.227597,1.000000,0.840000,0.160000,0.000000,0.000000,0.039241
272,-0.002940,-1.877107,-3.068624,0.039239,0.000499,-0.227615,1.000000,0.800000,0.160000,-0.200000,-0.200000,0.039239
273,-0.003331,-1.877140,-3.070900,0.024958,-0.006278,-0.019567,1.000000,0.840000,0.160000,0.000000,0.000000,0.024958
274,-0.003584,-1.877095,-3.071096,0.024960,0.006191,-0.018228,1.000000,0.840000,0.160000,0.000000,0.000000,0.024960
275,-0.003829,-1.877175,-3.071278,0.024958,-0.006070,0.041246,1.000000,0.840000,0.160000,0.000000,0.000000,0.024958
276,-0.004082,-1.877132,-3.070866,0.024956,0.005828,-0.056187,1.000000,0.840000,0.160000,0.000000,0.000000,0.024956
277,-0.004327,-1.877207,-3.071428,0.024953,-0.005574,0.070256,1.000000,0.840000,0.160000,0.000000,0.000000,0.024953
278,-0.004580,-1.877169,-3.070725,0.024949,0.005268,-0.086217,1.000000,0.840000,0.160000,0.000000,0.000000,0.024949
279,-0.004825,-1.877240,-3.071587,0.024944,-0.004847,0.107374,1.000000,0.840000,0.160000,0.000000,0.000000,0.024944
280,-0.005077,-1.877209,-3.070513,0.024939,0.004178,-0.139889,1.000000,0.820000,0.160000,0.000000,0.000000,0.024939
281,-0.005323,-1.877268,-3.071912,0.024933,-0.002982,0.196473,1.000000,0.840000,0.160000,0.000000,0.000000,0.024933
282,-0.005574,-1.877256,-3.069948,0.024927,0.000941,-0.291626,1.000000,0.820000,0.160000,0.000000,0.000000,0.024927
283,-0.005822,-1.877283,-3.072864,0.024924,0.000645,0.368542,1.000000,0.860000,0.160000,0.000000,0.000000,0.024924
284,-0.006070,-1.877306,-3.069178,0.024926,-0.000361,-0.358285,1.000000,0.820000,0.160000,0.000000,0.000000,0.024926
285,-0.006319,-1.877321,-3.072761,0.024928,0.000494,0.361577,1.000000,0.860000,0.160000,0.000000,0.000000,0.024928
286,-0.006567,-1.877343,-3.069146,0.024929,-0.000428,-0.360824,1.000000,0.820000,0.160000,0.000000,0.000000,0.024929
287,-0.006816,-1.877357,-3.072754,0.024931,0.000465,0.360782,1.000000,0.860000,0.160000,0.000000,0.000000,0.024931
288,-0.007064,-1.877379,-3.069146,0.024933,-0.000442,-0.361005,1.000000,0.820000,0.160000,0.000000,0.000000,0.024933
289,-0.007313,-1.877392,-3.072756,0.024934,0.000457,0.360757,1.000000,0.860000,0.160000,0.000000,0.000000,0.024934
290,-0.007562,-1.877414,-3.069148,0.024936,-0.000447,-0.360945,1.000000,0.820000,0.160000,0.000000,0.000000,0.024936
291,-0.007811,-1.877427,-3.072758,0.024937,0.000453,0.360787,1.000000,0.860000,0.160000,0.000000,0.000000,0.024937
292,-0.008059,-1.877449,-3.069150,0.024939,-0.000448,-0.360888,1.000000,0.820000,0.160000,0.000000,0.000000,0.024939
293,-0.008308,-1.877463,-3.072759,0.024940,0.000452,0.360800,1.000000,0.860000,0.160000,0.000000,0.000000,0.024940
294,-0.008557,-1.877484,-3.069151,0.024942,-0.000449,-0.360848,1.000000,0.820000,0.160000,0.000000,0.000000,0.024942
295,-0.008806,-1.877498,-3.072759,0.024944,0.000451,0.360799,1.000000,0.860000,0.160000,0.000000,0.000000,0.024944
296,-0.009054,-1.877520,-3.069151,0.024945,-0.000450,-0.360819,1.000000,0.820000,0.160000,0.000000,0.000000,0.024945
297,-0.009304,-1.877533,-3.072760,0.024947,0.000450,0.360790,1.000000,0.860000,0.160000,0.000000,0.000000,0.024947
298,-0.009552,-1.877555,-3.069152,0.024948,-0.000450,-0.360796,1.000000,0.820000,0.160000,0.000000,0.000000,0.024948
299,-0.009801,-1.877568,-3.072760,0.024950,0.000450,0.360777,1.000000,0.860000,0.160000,0.000000,0.000000,0.024950
300,-0.010050,-1.877590,-3.069152,0.024951,-0.000450,-0.360775,1.000000,0.820000,0.160000,0.000000,0.000000,0.024951
301,-0.010299,-1.877604,-3.072760,0.024953,0.000450,0.360762,1.000000,0.860000,0.160000,0.000000,0.000000,0.024953
302,-0.010548,-1.877625,-3.069152,0.024955,-0.000450,-0.360756,1.000000,0.800000,0.160000,-0.200000,-0.200000,0.024955
303,-0.010797,-1.877639,-3.072760,0.012082,-0.002317,0.242441,1.000000,0.860000,0.160000,0.000000,0.000000,0.012082
304,-0.010919,-1.877624,-3.070335,0.012077,-0.002362,-0.484752,1.000000,0.820000,0.160000,0.000000,0.000000,0.012077
305,-0.011041,-1.877609,-3.075183,0.012088,-0.000372,0.326666,1.000000,0.880000,0.160000,0.100000,0.100000,0.012088
306,-0.011162,-1.877613,-3.071916,0.019998,-0.001531,-0.448863,1.000000,0.840000,0.160000,0.000000,0.000000,0.019998
307,-0.011363,-1.877612,-3.076405,0.020004,0.000124,0.336431,1.000000,0.900000,0.160000,0.100000,0.100000,0.020004
308,-0.011562,-1.877626,-3.073040,0.027786,-0.000014,-0.372296,1.000000,0.860000,0.160000,0.000000,0.000000,0.027786
309,-0.011839,-1.877645,-3.076763,0.027786,0.000585,0.330703,1.000000,0.900000,0.160000,0.100000,0.100000,0.027786
310,-0.012116,-1.877669,-3.073456,0.035425,0.001302,-0.288874,1.000000,0.860000,0.160000,0.000000,0.000000,0.035425
311,-0.012469,-1.877706,-3.076345,0.035421,0.000061,0.266861,1.000000,0.900000,0.160000,0.100000,0.100000,0.035421
312,-0.012822,-1.877730,-3.073676,0.042765,0.002635,-0.176604,1.000000,0.860000,0.160000,0.000000,0.000000,0.042765
313,-0.013247,-1.877785,-3.075442,0.042760,-0.000894,0.161498,1.000000,0.880000,0.160000,0.100000,0.100000,0.042760
314,-0.013674,-1.877804,-3.073827,0.049723,0.003746,-0.034939,1.000000,0.860000,0.160000,0.000000,0.000000,0.049723
315,-0.014168,-1.877876,-3.074177,0.049721,-0.001078,0.046702,1.000000,0.860000,0.160000,0.000000,0.000000,0.049721
316,-0.014665,-1.877898,-3.073710,0.049720,0.000495,-0.046747,1.000000,0.860000,0.160000,0.000000,0.000000,0.049720
317,-0.015160,-1.877937,-3.074177,0.049720,-0.000332,0.043676,1.000000,0.860000,0.160000,0.000000,0.000000,0.049720
318,-0.015657,-1.877967,-3.073741,0.049720,0.000274,-0.040128,1.000000,0.860000,0.160000,0.000000,0.000000,0.049720
319,-0.016153,-1.878004,-3.074142,0.049719,-0.000244,0.036760,1.000000,0.860000,0.160000,0.000000,0.000000,0.049719
320,-0.016649,-1.878035,-3.073774,0.049719,0.000223,-0.033694,1.000000,0.860000,0.160000,0.000000,0.000000,0.049719
321,-0.017145,-1.878071,-3.074111,0.049719,-0.000205,0.030925,1.000000,0.860000,0.160000,0.000000,0.000000,0.049719
322,-0.017641,-1.878102,-3.073802,0.049718,0.000188,-0.028421,1.000000,0.860000,0.160000,0.000000,0.000000,0.049718
323,-0.018137,-1.878138,-3.074086,0.049718,-0.000174,0.026150,1.000000,0.860000,0.160000,0.000000,0.000000,0.049718
324,-0.018633,-1.878169,-3.073825,0.049718,0.000160,-0.024085,1.000000,0.860000,0.160000,0.000000,0.000000,0.049718
325,-0.019129,-1.878205,-3.074065,0.049718,-0.000148,0.022202,1.000000,0.860000,0.160000,0.000000,0.000000,0.049718
326,-0.019625,-1.878237,-3.073843,0.049717,0.000137,-0.020481,1.000000,0.860000,0.160000,0.000000,0.000000,0.049717
327,-0.020121,-1.878272,-3.074048,0.049717,-0.000126,0.018904,1.000000,0.860000,0.160000,0.000000,0.000000,0.049717
328,-0.020617,-1.878304,-3.073859,0.049717,0.000117,-0.017458,1.000000,0.860000,0.160000,0.000000,0.000000,0.049717
329,-0.021113,-1.878339,-3.074034,0.049717,-0.000108,0.016130,1.000000,0.860000,0.160000,0.000000,0.000000,0.049717
330,-0.021609,-1.878371,-3.073872,0.049717,0.000100,-0.014908,1.000000,0.860000,0.160000,0.000000,0.000000,0.049717
331,-0.022105,-1.878406,-3.074022,0.049716,-0.000093,0.013783,1.000000,0.860000,0.160000,0.000000,0.000000,0.049716
332,-0.022601,-1.878439,-3.073884,0.049716,0.000086,-0.012747,1.000000,0.860000,0.160000,0.000000,0.000000,0.049716
333,-0.023097,-1.878473,-3.074011,0.049716,-0.000079,0.011791,1.000000,0.860000,0.160000,0.000000,0.000000,0.049716
334,-0.023593,-1.878506,-3.073893,0.049716,0.000073,-0.010909,1.000000,0.860000,0.160000,0.000000,0.000000,0.049716
335,-0.024089,-1.878540,-3.074002,0.049715,-0.000068,0.010095,1.000000,0.860000,0.160000,0.000000,0.000000,0.049715
336,-0.024585,-1.878573,-3.073901,0.049715,0.000063,-0.009343,1.000000,0.860000,0.160000,0.000000,0.000000,0.049715
337,-0.025081,-1.878607,-3.073995,0.049715,-0.000058,0.008648,1.000000,0.860000,0.160000,0.000000,0.000000,0.049715
338,-0.025577,-1.878640,-3.073908,0.049715,0.000054,-0.008005,1.000000,0.860000,0.160000,0.000000,0.000000,0.049715
339,-0.026073,-1.878675,-3.073988,0.049715,-0.000050,0.007411,1.000000,0.860000,0.160000,0.000000,0.000000,0.049715
340,-0.026569,-1.878708,-3.073914,0.049714,0.000046,-0.006862,1.000000,0.860000,0.160000,0.000000,0.000000,0.049714
341,-0.027065,-1.878742,-3.073983,0.049714,-0.000043,0.006354,1.000000,0.860000,0.160000,0.000000,0.000000,0.049714
342,-0.027561,-1.878775,-3.073919,0.049714,0.000040,-0.005884,1.000000,0.860000,0.160000,0.000000,0.000000,0.049714
343,-0.028057,-1.878809,-3.073978,0.049714,-0.000037,0.005449,1.000000,0.860000,0.160000,0.000000,0.000000,0.049714
344,-0.028553,-1.878842,-3.073924,0.049713,0.000034,-0.005046,1.000000,0.860000,0.160000,0.000000,0.000000,0.049713
345,-0.029049,-1.878876,-3.073974,0.049713,-0.000031,0.004673,1.000000,0.860000,0.160000,0.000000,0.000000,0.049713
346,-0.029545,-1.878909,-3.073927,0.049713,0.000029,-0.004328,1.000000,0.860000,0.160000,0.000000,0.000000,0.049713
347,-0.030041,-1.878943,-3.073971,0.049713,-0.000027,0.004009,1.000000,0.860000,0.160000,0.000000,0.000000,0.049713
348,-0.030537,-1.878977,-3.073931,0.049713,0.000025,-0.003713,1.000000,0.860000,0.160000,0.000000,0.000000,0.049713
349,-0.031033,-1.879010,-3.073968,0.049712,-0.000023,0.003440,1.000000,0.860000,0.160000,0.000000,0.000000,0.049712
350,-0.031529,-1.879044,-3.073933,0.049712,0.000021,-0.003186,1.000000,0.840000,0.160000,0.000000,0.000000,0.049712
351,-0.032025,-1.879078,-3.073965,0.049712,-0.000020,0.002951,1.000000,0.840000,0.160000,0.000000,0.000000,0.049712
352,-0.032521,-1.879111,-3.073936,0.049712,0.000018,-0.002734,1.000000,0.840000,0.160000,0.000000,0.000000,0.049712
353,-0.033017,-1.879145,-3.073963,0.049712,-0.000017,0.002533,1.000000,0.840000,0.160000,0.000000,0.000000,0.049712
354,-0.033513,-1.879178,-3.073938,0.049711,0.000016,-0.002346,1.000000,0.840000,0.140000,0.000000,0.000000,0.049711
355,-0.034009,-1.879212,-3.073961,0.049711,-0.000015,0.002173,1.000000,0.840000,0.140000,0.000000,0.000000,0.049711
356,-0.034505,-1.879245,-3.073940,0.049711,0.000014,-0.002013,1.000000,0.840000,0.140000,0.000000,0.000000,0.049711
357,-0.035001,-1.879279,-3.073960,0.049711,-0.000013,0.001865,1.000000,0.840000,0.140000,0.000000,0.000000,0.049711
358,-0.035497,-1.879313,-3.073941,0.049711,0.000012,-0.001728,1.000000,0.840000,0.140000,0.000000,0.000000,0.049711
359,-0.035993,-1.879346,-3.073958,0.049710,-0.000011,0.001601,1.000000,0.840000,0.140000,0.000000,0.000000,0.049710
360,-0.036489,-1.879380,-3.073942,0.049710,0.000010,-0.001483,1.000000,0.840000,0.140000,0.000000,0.000000,0.049710
361,-0.036985,-1.879414,-3.073957,0.049710,-0.000009,0.001374,1.000000,0.840000,0.140000,0.000000,0.000000,0.049710
362,-0.037481,-1.879447,-3.073943,0.049710,0.000009,-0.001273,1.000000,0.840000,0.140000,0.000000,0.000000,0.049710
363,-0.037977,-1.879481,-3.073956,0.049709,-0.000008,0.001179,1.000000,0.840000,0.140000,0.000000,0.000000,0.049709
364,-0.038473,-1.879514,-3.073944,0.049709,0.000007,-0.001093,1.000000,0.840000,0.140000,0.000000,0.000000,0.049709
365,-0.038969,-1.879548,-3.073955,0.049709,-0.000007,0.001012,1.000000,0.840000,0.140000,0.000000,0.000000,0.049709
366,-0.039465,-1.879582,-3.073945,0.049709,0.000006,-0.000938,1.000000,0.840000,0.140000,0.000000,0.000000,0.049709
367,-0.039961,-1.879615,-3.073954,0.049709,-0.000006,0.000869,1.000000,0.840000,0.140000,0.000000,0.000000,0.049709
368,-0.040457,-1.879649,-3.073946,0.049708,0.000005,-0.000805,1.000000,0.840000,0.140000,0.000000,0.000000,0.049708
369,-0.040953,-1.879682,-3.073954,0.049708,-0.000005,0.000746,1.000000,0.840000,0.140000,0.000000,0.000000,0.049708
370,-0.041449,-1.879716,-3.073946,0.049708,0.000005,-0.000691,1.000000,0.840000,0.140000,0.000000,0.000000,0.049708
371,-0.041945,-1.879750,-3.073953,0.049708,-0.000004,0.000640,1.000000,0.840000,0.140000,0.000000,0.000000,0.049708
372,-0.042441,-1.879783,-3.073947,0.049708,0.000004,-0.000593,1.000000,0.840000,0.140000,0.000000,0.000000,0.049708
373,-0.042936,-1.879817,-3.073953,0.049707,-0.000004,0.000550,1.000000,0.840000,0.140000,0.000000,0.000000,0.049707
374,-0.043432,-1.879850,-3.073947,0.049707,0.000003,-0.000509,1.000000,0.840000,0.140000,0.000000,0.000000,0.049707
375,-0.043928,-1.879884,-3.073952,0.049707,-0.000003,0.000472,1.000000,0.840000,0.140000,0.000000,0.000000,0.049707
376,-0.044424,-1.879918,-3.073948,0.049707,0.000003,-0.000437,1.000000,0.840000,0.140000,0.000000,0.000000,0.049707
377,-0.044920,-1.879951,-3.073952,0.049707,-0.000003,0.000405,1.000000,0.840000,0.140000,0.000000,0.000000,0.049707
378,-0.045416,-1.879985,-3.073948,0.049706,0.000003,-0.000376,1.000000,0.840000,0.140000,0.000000,0.000000,0.049706
379,-0.045912,-1.880018,-3.073952,0.049706,-0.000002,0.000348,1.000000,0.840000,0.140000,0.000000,0.000000,0.049706
380,-0.046408,-1.880052,-3.073948,0.049706,0.000002,-0.000322,1.000000,0.840000,0.140000,0.000000,0.000000,0.049706
381,-0.046904,-1.880086,-3.073952,0.049706,-0.000002,0.000299,1.000000,0.840000,0.140000,0.000000,0.000000,0.049706
382,-0.047400,-1.880119,-3.073949,0.049705,0.000002,-0.000277,1.000000,0.840000,0.140000,0.000000,0.000000,0.049705
383,-0.047896,-1.880153,-3.073951,0.049705,-0.000002,0.000257,1.000000,0.840000,0.140000,0.000000,0.000000,0.049705
384,-0.048392,-1.880186,-3.073949,0.049705,0.000002,-0.000238,1.000000,0.840000,0.140000,0.000000,0.000000,0.049705
385,-0.048888,-1.880220,-3.073951,0.049705,-0.000001,0.000220,1.000000,0.840000,0.140000,0.000000,0.000000,0.049705
386,-0.049383,-1.880253,-3.073949,0.049705,0.000001,-0.000204,1.000000,0.840000,0.140000,0.000000,0.000000,0.049705
387,-0.049879,-1.880287,-3.073951,0.049704,-0.000001,0.000189,1.000000,0.840000,0.140000,0.000000,0.000000,0.049704
388,-0.050375,-1.880321,-3.073949,0.049704,0.000001,-0.000175,1.000000,0.840000,0.140000,0.000000,0.000000,0.049704
389,-0.050871,-1.880354,-3.073951,0.049704,-0.000001,0.000162,1.000000,0.840000,0.140000,0.000000,0.000000,0.049704
390,-0.051367,-1.880388,-3.073949,0.049704,0.000001,-0.000151,1.000000,0.840000,0.140000,0.000000,0.000000,0.049704
391,-0.051863,-1.880421,-3.073951,0.049704,-0.000001,0.000140,1.000000,0.840000,0.140000,0.000000,0.000000,0.049704
392,-0.052359,-1.880455,-3.073949,0.049703,0.000001,-0.000129,1.000000,0.840000,0.140000,0.000000,0.000000,0.049703
393,-0.052855,-1.880489,-3.073951,0.049703,-0.000001,0.000120,1.000000,0.840000,0.140000,0.000000,0.000000,0.049703
394,-0.053351,-1.880522,-3.073949,0.049703,0.000001,-0.000111,1.000000,0.840000,0.140000,0.000000,0.000000,0.049703
395,-0.053847,-1.880556,-3.073950,0.049703,-0.000001,0.000103,1.000000,0.840000,0.140000,0.000000,0.000000,0.049703
396,-0.054342,-1.880589,-3.073949,0.049703,0.000001,-0.000095,1.000000,0.840000,0.140000,0.000000,0.000000,0.049703
397,-0.054838,-1.880623,-3.073950,0.049702,-0.000001,0.000088,1.000000,0.840000,0.140000,0.000000,0.000000,0.049702
398,-0.055334,-1.880657,-3.073950,0.049702,0.000001,-0.000082,1.000000,0.840000,0.140000,0.000000,0.000000,0.049702
399,-0.055830,-1.880690,-3.073950,0.049702,-0.000001,0.000076,1.000000,0.840000,0.140000,0.000000,0.000000,0.049702
400,-0.056326,-1.880724,-3.073950,0.049702,0.000000,-0.000070,1.000000,0.820000,0.140000,0.000000,0.000000,0.049702
401,-0.056822,-1.880757,-3.073950,0.049701,-0.000000,0.000065,1.000000,0.820000,0.140000,0.000000,0.000000,0.049701
402,-0.057318,-1.880791,-3.073950,0.049701,0.000000,-0.000060,1.000000,0.820000,0.140000,0.000000,0.000000,0.049701
403,-0.057814,-1.880825,-3.073950,0.049701,-0.000000,0.000056,1.000000,0.820000,0.140000,0.000000,0.000000,0.049701
404,-0.058310,-1.880858,-3.073950,0.049701,0.000000,-0.000052,1.000000,0.820000,0.140000,0.000000,0.000000,0.049701
405,-0.058805,-1.880892,-3.073950,0.049701,-0.000000,0.000048,1.000000,0.820000,0.140000,0.000000,0.000000,0.049701
406,-0.059301,-1.880925,-3.073950,0.049700,0.000000,-0.000045,1.000000,0.820000,0.140000,0.000000,0.000000,0.049700
407,-0.059797,-1.880959,-3.073950,0.049700,-0.000000,0.000041,1.000000,0.820000,0.140000,0.000000,0.000000,0.049700
408,-0.060293,-1.880993,-3.073950,0.049700,0.000000,-0.000038,1.000000,0.820000,0.140000,0.000000,0.000000,0.049700
409,-0.060789,-1.881026,-3.073950,0.049700,-0.000000,0.000036,1.000000,0.820000,0.140000,0.000000,0.000000,0.049700
410,-0.061285,-1.881060,-3.073950,0.049700,0.000000,-0.000033,1.000000,0.820000,0.140000,0.000000,0.000000,0.049700
411,-0.061781,-1.881093,-3.073950,0.049699,-0.000000,0.000031,1.000000,0.820000,0.140000,0.000000,0.000000,0.049699
412,-0.062276,-1.881127,-3.073950,0.049699,0.000000,-0.000028,1.000000,0.820000,0.140000,0.000000,0.000000,0.049699
413,-0.062772,-1.881161,-3.073950,0.049699,-0.000000,0.000026,1.000000,0.820000,0.140000,0.000000,0.000000,0.049699
414,-0.063268,-1.881194,-3.073950,0.049699,0.000000,-0.000024,1.000000,0.820000,0.140000,0.000000,0.000000,0.049699
415,-0.063764,-1.881228,-3.073950,0.049699,-0.000000,0.000023,1.000000,0.820000,0.140000,0.000000,0.000000,0.049699
416,-0.064260,-1.881261,-3.073950,0.049698,0.000000,-0.000021,1.000000,0.820000,0.140000,0.000000,0.000000,0.049698
417,-0.064756,-1.881295,-3.073950,0.049698,-0.000000,0.000019,1.000000,0.820000,0.140000,0.000000,0.000000,0.049698
418,-0.065252,-1.881328,-3.073950,0.049698,0.000000,-0.000018,1.000000,0.820000,0.140000,0.000000,0.000000,0.049698
419,-0.065747,-1.881362,-3.073950,0.049698,-0.000000,0.000017,1.000000,0.820000,0.140000,0.000000,0.000000,0.049698
420,-0.066243,-1.881396,-3.073950,0.049697,0.000000,-0.000015,1.000000,0.820000,0.140000,0.000000,0.000000,0.049697
421,-0.066739,-1.881429,-3.073950,0.049697,-0.000000,0.000014,1.000000,0.820000,0.140000,0.000000,0.000000,0.049697
422,-0.067235,-1.881463,-3.073950,0.049697,0.000000,-0.000013,1.000000,0.820000,0.140000,0.000000,0.000000,0.049697
423,-0.067731,-1.881496,-3.073950,0.049697,-0.000000,0.000012,1.000000,0.820000,0.140000,0.000000,0.000000,0.049697
424,-0.068227,-1.881530,-3.073950,0.049697,0.000000,-0.000011,1.000000,0.820000,0.140000,0.000000,0.000000,0.049697
425,-0.068722,-1.881564,-3.073950,0.049696,-0.000000,0.000011,1.000000,0.820000,0.140000,0.000000,0.000000,0.049696
426,-0.069218,-1.881597,-3.073950,0.049696,0.000000,-0.000010,1.000000,0.820000,0.140000,0.000000,0.000000,0.049696
427,-0.069714,-1.881631,-3.073950,0.049696,-0.000000,0.000009,1.000000,0.820000,0.140000,0.000000,0.000000,0.049696
428,-0.070210,-1.881664,-3.073950,0.049696,0.000000,-0.000008,1.000000,0.820000,0.140000,0.000000,0.000000,0.049696
429,-0.070706,-1.881698,-3.073950,0.049696,-0.000000,0.000008,1.000000,0.820000,0.140000,0.000000,0.000000,0.049696
430,-0.071201,-1.881732,-3.073950,0.049695,0.000000,-0.000007,1.000000,0.820000,0.140000,0.000000,0.000000,0.049695
431,-0.071697,-1.881765,-3.073950,0.049695,-0.000000,0.000007,1.000000,0.820000,0.140000,0.000000,0.000000,0.049695
432,-0.072193,-1.881799,-3.073950,0.049695,0.000000,-0.000006,1.000000,0.820000,0.140000,0.000000,0.000000,0.049695
433,-0.072689,-1.881832,-3.073950,0.049695,-0.000000,0.000006,1.000000,0.820000,0.140000,0.000000,0.000000,0.049695
434,-0.073185,-1.881866,-3.073950,0.049695,0.000000,-0.000005,1.000000,0.820000,0.140000,0.000000,0.000000,0.049695
435,-0.073681,-1.881900,-3.073950,0.049694,-0.000000,0.000005,1.000000,0.820000,0.140000,0.000000,0.000000,0.049694
436,-0.074176,-1.881933,-3.073950,0.049694,0.000000,-0.000005,1.000000,0.820000,0.140000,0.000000,0.000000,0.049694
437,-0.074672,-1.881967,-3.073950,0.049694,-0.000000,0.000004,1.000000,0.820000,0.140000,0.000000,0.000000,0.049694
438,-0.075168,-1.882000,-3.073950,0.049694,0.000000,-0.000004,1.000000,0.820000,0.140000,0.000000,0.000000,0.049694
439,-0.075664,-1.882034,-3.073950,0.049693,-0.000000,0.000004,1.000000,0.820000,0.140000,0.000000,0.000000,0.049693
440,-0.076160,-1.882067,-3.073950,0.049693,0.000000,-0.000003,1.000000,0.820000,0.140000,0.000000,0.000000,0.049693
441,-0.076655,-1.882101,-3.073950,0.049693,-0.000000,0.000003,1.000000,0.820000,0.140000,0.000000,0.000000,0.049693
442,-0.077151,-1.882135,-3.073950,0.049693,0.000000,-0.000003,1.000000,0.820000,0.140000,0.000000,0.000000,0.049693
443,-0.077647,-1.882168,-3.073950,0.049693,-0.000000,0.000003,1.000000,0.820000,0.140000,0.000000,0.000000,0.049693
444,-0.078143,-1.882202,-3.073950,0.049692,0.000000,-0.000003,1.000000,0.820000,0.140000,0.000000,0.000000,0.049692
445,-0.078639,-1.882235,-3.073950,0.049692,-0.000000,0.000002,1.000000,0.820000,0.140000,0.000000,0.000000,0.049692
446,-0.079134,-1.882269,-3.073950,0.049692,0.000000,-0.000002,1.000000,0.820000,0.140000,0.000000,0.000000,0.049692
447,-0.079630,-1.882303,-3.073950,0.049692,-0.000000,0.000002,1.000000,0.820000,0.140000,0.000000,0.000000,0.049692
448,-0.080126,-1.882336,-3.073950,0.049692,0.000000,-0.000002,1.000000,0.820000,0.140000,0.000000,0.000000,0.049692
449,-0.080622,-1.882370,-3.073950,0.049691,-0.000000,0.000002,1.000000,0.820000,0.140000,0.000000,0.000000,0.049691
450,-0.081117,-1.882403,-3.073950,0.049691,0.000000,-0.000002,1.000000,0.820000,0.140000,0.000000,0.000000,0.049691
451,-0.081613,-1.882437,-3.073950,0.049691,-0.000000,0.000001,1.000000,0.800000,0.140000,-0.200000,-0.200000,0.049691
452,-0.082109,-1.882471,-3.073950,0.034613,-0.005314,-0.227282,1.000000,0.800000,0.140000,-0.200000,-0.200000,0.034613
453,-0.082458,-1.882441,-3.076223,0.021386,-0.003587,0.035495,1.000000,0.840000,0.140000,0.000000,0.000000,0.021386
454,-0.082674,-1.882419,-3.075868,0.021385,0.005682,-0.095302,1.000000,0.840000,0.140000,0.000000,0.000000,0.021385
455,-0.082883,-1.882490,-3.076821,0.021379,-0.005585,0.093852,1.000000,0.840000,0.140000,0.000000,0.000000,0.021379
456,-0.083100,-1.882448,-3.075882,0.021374,0.005590,-0.096675,1.000000,0.840000,0.140000,0.000000,0.000000,0.021374
457,-0.083310,-1.882518,-3.076849,0.021368,-0.005515,0.098646,1.000000,0.840000,0.140000,0.000000,0.000000,0.021368
458,-0.083527,-1.882477,-3.075863,0.021363,0.005430,-0.103371,1.000000,0.840000,0.140000,0.000000,0.000000,0.021363
459,-0.083736,-1.882545,-3.076896,0.021357,-0.005256,0.110951,1.000000,0.840000,0.140000,0.000000,0.000000,0.021357
460,-0.083953,-1.882506,-3.075787,0.021351,0.004943,-0.125490,1.000000,0.840000,0.140000,0.000000,0.000000,0.021351
461,-0.084163,-1.882569,-3.077042,0.021345,-0.004294,0.154771,1.000000,0.840000,0.140000,0.000000,0.000000,0.021345
462,-0.084378,-1.882540,-3.075494,0.021338,0.002843,-0.219977,1.000000,0.820000,0.140000,0.000000,0.000000,0.021338
463,-0.084589,-1.882583,-3.077694,0.021332,-0.000027,0.345946,1.000000,0.860000,0.140000,0.000000,0.000000,0.021332
464,-0.084802,-1.882596,-3.074234,0.021332,-0.000927,-0.393113,1.000000,0.820000,0.140000,0.000000,0.000000,0.021332
465,-0.085016,-1.882601,-3.078165,0.021336,0.000439,0.369779,1.000000,0.860000,0.140000,0.000000,0.000000,0.021336
466,-0.085228,-1.882619,-3.074468,0.021337,-0.000722,-0.382589,1.000000,0.820000,0.140000,0.000000,0.000000,0.021337
467,-0.085442,-1.882626,-3.078294,0.021340,0.000562,0.375894,1.000000,0.860000,0.140000,0.000000,0.000000,0.021340
468,-0.085654,-1.882645,-3.074535,0.021342,-0.000656,-0.379410,1.000000,0.820000,0.140000,0.000000,0.000000,0.021342
469,-0.085868,-1.882653,-3.078329,0.021344,0.000600,0.377616,1.000000,0.860000,0.140000,0.000000,0.000000,0.021344
470,-0.086080,-1.882673,-3.074553,0.021347,-0.000635,-0.378477,1.000000,0.820000,0.140000,0.000000,0.000000,0.021347
471,-0.086294,-1.882681,-3.078337,0.021349,0.000612,0.378081,1.000000,0.860000,0.140000,0.000000,0.000000,0.021349
472,-0.086507,-1.882700,-3.074557,0.021351,-0.000627,-0.378210,1.000000,0.820000,0.140000,0.000000,0.000000,0.021351
473,-0.086720,-1.882708,-3.078339,0.021354,0.000616,0.378184,1.000000,0.860000,0.140000,0.000000,0.000000,0.021354
474,-0.086933,-1.882728,-3.074557,0.021356,-0.000624,-0.378135,1.000000,0.820000,0.140000,0.000000,0.000000,0.021356
475,-0.087146,-1.882736,-3.078338,0.021358,0.000618,0.378186,1.000000,0.860000,0.140000,0.000000,0.000000,0.021358
476,-0.087359,-1.882756,-3.074556,0.021361,-0.000622,-0.378112,1.000000,0.820000,0.140000,0.000000,0.000000,0.021361
477,-0.087573,-1.882764,-3.078337,0.021363,0.000619,0.378163,1.000000,0.860000,0.140000,0.000000,0.000000,0.021363
478,-0.087785,-1.882783,-3.074556,0.021365,-0.000621,-0.378099,1.000000,0.820000,0.140000,0.000000,0.000000,0.021365
479,-0.087999,-1.882792,-3.078337,0.021367,0.000619,0.378137,1.000000,0.860000,0.140000,0.000000,0.000000,0.021367
480,-0.088212,-1.882811,-3.074555,0.021370,-0.000621,-0.378087,1.000000,0.820000,0.140000,0.000000,0.000000,0.021370
481,-0.088425,-1.882819,-3.078336,0.021372,0.000619,0.378111,1.000000,0.860000,0.140000,0.000000,0.000000,0.021372
482,-0.088638,-1.882839,-3.074555,0.021374,-0.000620,-0.378074,1.000000,0.820000,0.140000,0.000000,0.000000,0.021374
483,-0.088852,-1.882847,-3.078336,0.021377,0.000619,0.378087,1.000000,0.860000,0.140000,0.000000,0.000000,0.021377
484,-0.089065,-1.882867,-3.074555,0.021379,-0.000620,-0.378058,1.000000,0.820000,0.140000,0.000000,0.000000,0.021379
485,-0.089279,-1.882875,-3.078336,0.021381,0.000619,0.378064,1.000000,0.860000,0.140000,0.000000,0.000000,0.021381
486,-0.089492,-1.882895,-3.074555,0.021384,-0.000620,-0.378042,1.000000,0.820000,0.140000,0.000000,0.000000,0.021384
487,-0.089705,-1.882903,-3.078335,0.021386,0.000619,0.378043,1.000000,0.860000,0.140000,0.000000,0.000000,0.021386
488,-0.089918,-1.882923,-3.074555,0.021388,-0.000619,-0.378025,1.000000,0.820000,0.140000,0.000000,0.000000,0.021388
489,-0.090132,-1.882931,-3.078335,0.021391,0.000619,0.378022,1.000000,0.860000,0.140000,0.000000,0.000000,0.021391
490,-0.090345,-1.882950,-3.074555,0.021393,-0.000619,-0.378007,1.000000,0.820000,0.140000,0.000000,0.000000,0.021393
491,-0.090559,-1.882959,-3.078335,0.021395,0.000619,0.378001,1.000000,0.860000,0.140000,0.000000,0.000000,0.021395
492,-0.090772,-1.882978,-3.074555,0.021397,-0.000619,-0.377988,1.000000,0.820000,0.140000,0.000000,0.000000,0.021397
493,-0.090986,-1.882986,-3.078335,0.021400,0.000619,0.377982,1.000000,0.860000,0.140000,0.000000,0.000000,0.021400
494,-0.091199,-1.883006,-3.074555,0.021402,-0.000619,-0.377969,1.000000,0.820000,0.140000,0.000000,0.000000,0.021402
495,-0.091413,-1.883014,-3.078335,0.021404,0.000618,0.377962,1.000000,0.860000,0.140000,0.000000,0.000000,0.021404
496,-0.091627,-1.883034,-3.074555,0.021407,-0.000618,-0.377951,1.000000,0.800000,0.140000,-0.200000,-0.200000,0.021407
497,-0.091841,-1.883042,-3.078335,0.008813,-0.001339,0.294230,1.000000,0.860000,0.140000,0.000000,0.000000,0.008813
498,-0.091929,-1.883034,-3.075392,0.008809,-0.001365,0.294230,1.000000,0.820000,0.140000,0.000000,0.000000,0.008809
499,-0.092018,-1.883027,-3.072450,0.008805,-0.001391,0.294230,1.000000,0.780000,0.140000,-0.200000,-0.200000,0.008805
500,-0.092107,-1.883019,-3.069508,-0.005199,-0.001417,0.294230,1.000000,0.760000,0.140000,-0.200000,-0.300000,-0.005199
501,-0.092056,-1.883001,-3.066565,-0.019204,-0.001401,0.294230,1.000000,0.720000,0.140000,-0.200000,-0.300000,-0.019204
502,-0.091866,-1.882973,-3.063623,-0.033208,-0.001345,0.294230,1.000000,0.700000,0.140000,-0.300000,-0.400000,-0.033208
503,-0.091536,-1.882933,-3.060681,-0.054212,-0.001247,0.294230,1.000000,0.680000,0.140000,-0.300000,-0.400000,-0.054212
504,-0.090996,-1.882877,-3.057739,-0.075216,-0.001088,0.294230,1.000000,0.660000,0.140000,-0.300000,-0.400000,-0.075216
505,-0.090248,-1.882803,-3.054796,-0.096219,-0.000866,0.294230,1.000000,0.640000,0.140000,-0.400000,-0.500000,-0.096219
506,-0.089290,-1.882711,-3.051854,-0.124223,-0.000583,0.294230,1.000000,0.620000,0.140000,-0.400000,-0.500000,-0.124223
507,-0.088053,-1.882594,-3.048912,-0.152226,-0.000218,0.294230,1.000000,0.600000,0.140000,-0.400000,-0.600000,-0.152226
508,-0.086538,-1.882451,-3.045969,-0.180228,0.000230,0.294230,1.000000,0.580000,0.140000,-0.400000,-0.600000,-0.180228
509,-0.084743,-1.882281,-3.043027,-0.208231,0.000760,0.294230,1.000000,0.560000,0.140000,-0.400000,-0.600000,-0.208231
510,-0.082671,-1.882084,-3.040085,-0.236232,0.001373,0.294230,1.000000,0.540000,0.140000,-0.400000,-0.700000,-0.236232
511,-0.080319,-1.881858,-3.037143,-0.264233,0.002068,0.294230,1.000000,0.540000,0.140000,-0.400000,-0.700000,-0.264233
512,-0.077689,-1.881603,-3.034200,-0.292233,0.002846,0.294230,1.000000,0.520000,0.140000,-0.400000,-0.700000,-0.292233
513,-0.074780,-1.881318,-3.031258,-0.320232,0.003705,0.294230,1.000000,0.500000,0.140000,-0.400000,-0.800000,-0.320232
514,-0.071593,-1.881002,-3.028316,-0.348229,0.004648,0.294230,1.000000,0.500000,0.140000,-0.400000,-0.800000,-0.348229
515,-0.068128,-1.880655,-3.025373,-0.376226,0.005672,0.294230,1.000000,0.480000,0.140000,-0.400000,-0.800000,-0.376226
516,-0.064385,-1.880275,-3.022431,-0.404221,0.006779,0.294230,1.000000,0.480000,0.140000,-0.400000,-0.800000,-0.404221
517,-0.060363,-1.879862,-3.019489,-0.432215,0.007969,0.294230,1.000000,0.480000,0.140000,-0.400000,-0.800000,-0.432215
518,-0.056063,-1.879415,-3.016546,-0.460208,0.009240,0.294230,1.000000,0.460000,0.140000,-0.400000,-0.800000,-0.460208
519,-0.051486,-1.878932,-3.013604,-0.488199,0.010594,0.294230,1.000000,0.460000,0.140000,-0.400000,-0.800000,-0.488199
520,-0.046630,-1.878414,-3.010662,-0.523243,-0.002427,0.371341,1.000000,0.440000,0.140000,-0.500000,-0.900000,-0.523243
521,-0.041446,-1.877707,-3.006948,-0.558275,-0.000484,0.371341,1.000000,0.440000,0.140000,-0.500000,-0.900000,-0.558275
522,-0.035914,-1.876953,-3.003235,-0.593304,0.001589,0.371341,1.000000,0.440000,0.140000,-0.500000,-0.900000,-0.593304
523,-0.030036,-1.876150,-2.999522,-0.628328,0.003793,0.371341,1.000000,0.420000,0.140000,-0.500000,-0.900000,-0.628328
524,-0.023810,-1.875298,-2.995808,-0.663347,0.006126,0.371341,1.000000,0.420000,0.140000,-0.500000,-0.900000,-0.663347
525,-0.017238,-1.874395,-2.992095,-0.698362,0.008589,0.371341,1.000000,0.420000,0.140000,-0.500000,-0.900000,-0.698362
526,-0.010320,-1.873440,-2.988381,-0.733372,0.011182,0.371341,1.000000,0.420000,0.140000,-0.500000,-0.900000,-0.733372
527,-0.003055,-1.872431,-2.984668,-0.776075,0.015402,-0.260115,1.000000,0.400000,0.140000,-0.500000,-0.900000,-0.776075
528,0.004635,-1.871370,-2.987269,-0.818864,-0.000334,-0.151091,1.000000,0.420000,0.140000,-0.500000,-0.900000,-0.818864
529,0.012725,-1.870108,-2.988780,-0.853921,-0.001571,-0.151091,1.000000,0.420000,0.140000,-0.500000,-0.900000,-0.853921
530,0.021163,-1.868793,-2.990291,-0.888981,-0.002861,-0.151091,1.000000,0.440000,0.140000,-0.500000,-0.900000,-0.888981
531,0.029947,-1.867425,-2.991802,-0.924044,-0.004204,-0.151091,1.000000,0.460000,0.140000,-0.500000,-0.800000,-0.924044
532,0.039077,-1.866004,-2.993313,-0.959111,-0.005600,-0.151091,1.000000,0.460000,0.160000,-0.500000,-0.800000,-0.959111
533,0.048555,-1.864532,-2.994824,-0.994181,-0.007050,-0.151091,1.000000,0.480000,0.160000,-0.500000,-0.800000,-0.994181
534,0.058380,-1.863008,-2.996335,-1.029255,-0.008552,-0.151091,1.000000,0.500000,0.160000,-0.500000,-0.800000,-1.029255
535,0.068551,-1.861434,-2.997845,-1.064332,-0.010107,-0.151091,1.000000,0.500000,0.160000,-0.500000,-0.800000,-1.064332
536,0.079070,-1.859809,-2.999356,-1.099413,-0.011715,-0.151091,1.000000,0.520000,0.160000,-0.500000,-0.700000,-1.099413
537,0.089937,-1.858135,-3.000867,-1.134499,-0.013376,-0.151091,1.000000,0.540000,0.160000,-0.500000,-0.700000,-1.134499
538,0.101151,-1.856411,-3.002378,-1.169589,-0.015090,-0.151091,1.000000,0.540000,0.160000,-0.500000,-0.700000,-1.169589
539,0.112713,-1.854639,-3.003889,-1.204683,-0.016857,-0.151091,1.000000,0.560000,0.180000,-0.400000,-0.600000,-1.204683
540,0.124622,-1.852818,-3.005400,-1.232781,-0.018677,-0.151091,1.000000,0.580000,0.180000,-0.400000,-0.600000,-1.232781
541,0.136811,-1.850959,-3.006911,-1.260883,-0.020540,-0.151091,1.000000,0.600000,0.180000,-0.400000,-0.600000,-1.260883
542,0.149278,-1.849063,-3.008422,-1.288987,-0.022445,-0.151091,1.000000,0.620000,0.180000,-0.400000,-0.500000,-1.288987
543,0.162024,-1.847129,-3.009933,-1.317095,-0.024393,-0.151091,1.000000,0.640000,0.180000,-0.400000,-0.500000,-1.317095
544,0.175049,-1.845158,-3.011444,-1.345206,-0.026383,-0.151091,1.000000,0.660000,0.200000,-0.300000,-0.400000,-1.345206
545,0.188353,-1.843150,-3.012955,-1.366321,-0.028415,-0.151091,1.000000,0.680000,0.200000,-0.300000,-0.400000,-1.366321
546,0.201867,-1.841116,-3.014465,-1.387437,-0.030480,-0.151091,1.000000,0.700000,0.200000,-0.300000,-0.400000,-1.387437
547,0.215590,-1.839054,-3.015976,-1.408556,-0.032576,-0.151091,1.000000,0.720000,0.200000,-0.300000,-0.300000,-1.408556
548,0.229524,-1.836966,-3.017487,-1.429676,-0.034704,-0.151091,1.000000,0.740000,0.200000,-0.300000,-0.300000,-1.429676
549,0.243668,-1.834852,-3.018998,-1.450798,-0.036864,-0.151091,1.000000,0.760000,0.220000,-0.300000,-0.300000,-1.450798
550,0.258022,-1.832712,-3.020509,-1.471922,-0.039056,-0.151091,1.000000,0.780000,0.220000,-0.200000,-0.200000,-1.471922
551,0.272586,-1.830547,-3.022020,-1.486048,-0.041280,-0.151091,1.000000,0.820000,0.220000,0.000000,0.000000,-1.486048
552,0.287291,-1.828364,-3.023531,-1.486174,-0.043525,-0.151091,1.000000,0.840000,0.220000,0.000000,0.000000,-1.486174
553,0.301998,-1.826181,-3.025042,-1.486297,-0.045771,-0.151091,1.000000,0.860000,0.240000,0.000000,0.000000,-1.486297
554,0.316707,-1.823998,-3.026553,-1.486416,-0.048017,-0.151091,1.000000,0.880000,0.240000,0.100000,0.100000,-1.486416
555,0.331418,-1.821815,-3.028064,-1.479532,-0.050262,-0.151091,1.000000,0.920000,0.240000,0.100000,0.100000,-1.479532
556,0.346061,-1.819640,-3.029575,-1.472643,-0.052498,-0.151091,1.000000,0.940000,0.240000,0.200000,0.300000,-1.472643
557,0.360637,-1.817472,-3.031085,-1.458749,-0.054723,-0.151091,1.000000,0.980000,0.240000,0.300000,0.400000,-1.458749
558,0.375075,-1.815319,-3.032596,-1.437848,-0.056927,-0.151091,1.000000,1.000000,0.260000,0.300000,0.400000,-1.437848
559,0.389306,-1.813189,-3.034107,-1.416938,-0.059099,-0.151091,1.000000,1.000000,0.260000,0.300000,0.400000,-1.416938
560,0.403330,-1.811082,-3.035618,-1.396021,-0.061240,-0.151091,1.000000,1.000000,0.260000,0.300000,0.400000,-1.396021
561,0.417147,-1.808996,-3.037129,-1.375094,-0.063349,-0.151091,1.000000,1.000000,0.260000,0.300000,0.400000,-1.375094
562,0.430757,-1.806932,-3.038640,-1.354160,-0.065427,-0.151091,1.000000,1.000000,0.280000,0.300000,0.400000,-1.354160
563,0.444160,-1.804890,-3.040151,-1.333218,-0.067473,-0.151091,1.000000,1.000000,0.280000,0.300000,0.400000,-1.333218
564,0.457355,-1.802868,-3.041662,-1.312268,-0.069487,-0.151091,1.000000,1.000000,0.280000,0.300000,0.400000,-1.312268
565,0.470343,-1.800868,-3.043173,-1.291310,-0.071470,-0.151091,1.000000,1.000000,0.280000,0.300000,0.400000,-1.291310
566,0.483124,-1.798887,-3.044684,-1.270344,-0.073421,-0.151091,1.000000,1.000000,0.300000,0.300000,0.400000,-1.270344
567,0.495696,-1.796928,-3.046195,-1.249371,-0.075341,-0.151091,1.000000,1.000000,0.300000,0.300000,0.400000,-1.249371
568,0.508061,-1.794988,-3.047705,-1.228390,-0.077228,-0.151091,1.000000,1.000000,0.300000,0.300000,0.400000,-1.228390
569,0.520219,-1.793067,-3.049216,-1.207402,-0.079084,-0.151091,1.000000,1.000000,0.300000,0.300000,0.400000,-1.207402
570,0.532168,-1.791166,-3.050727,-1.186407,-0.080909,-0.151091,1.000000,1.000000,0.300000,0.300000,0.400000,-1.186407
571,0.543910,-1.789284,-3.052238,-1.165405,-0.082701,-0.151091,1.000000,1.000000,0.320000,0.300000,0.400000,-1.165405
572,0.555444,-1.787420,-3.053749,-1.144396,-0.084462,-0.151091,1.000000,1.000000,0.320000,0.300000,0.400000,-1.144396
573,0.566770,-1.785574,-3.055260,-1.123380,-0.086191,-0.151091,1.000000,1.000000,0.320000,0.300000,0.400000,-1.123380
574,0.577887,-1.783747,-3.056771,-1.102358,-0.087888,-0.151091,1.000000,1.000000,0.320000,0.300000,0.400000,-1.102358
575,0.588797,-1.781938,-3.058282,-1.081329,-0.089554,-0.151091,1.000000,1.000000,0.340000,0.300000,0.400000,-1.081329
576,0.599498,-1.780145,-3.059793,-1.060293,-0.091188,-0.151091,1.000000,1.000000,0.340000,0.300000,0.400000,-1.060293
577,0.609991,-1.778370,-3.061304,-1.039251,-0.092790,-0.151091,1.000000,1.000000,0.340000,0.300000,0.400000,-1.039251
578,0.620276,-1.776612,-3.062815,-1.018203,-0.094360,-0.151091,0.980000,1.000000,0.340000,0.300000,0.400000,-1.018203
579,0.630352,-1.774870,-3.064325,-0.997149,-0.095898,-0.151091,0.980000,1.000000,0.340000,0.300000,0.400000,-0.997149
580,0.640220,-1.773144,-3.065836,-0.976089,-0.097405,-0.151091,0.960000,1.000000,0.360000,0.400000,0.400000,-0.976089
581,0.649879,-1.771434,-3.067347,-0.948024,-0.098880,-0.151091,0.960000,1.000000,0.360000,0.400000,0.400000,-0.948024
582,0.659260,-1.769745,-3.068858,-0.919951,-0.100312,-0.151091,0.940000,1.000000,0.360000,0.400000,0.400000,-0.919951
583,0.668362,-1.768076,-3.070369,-0.891872,-0.101702,-0.151091,0.940000,1.000000,0.360000,0.400000,0.400000,-0.891872
584,0.677186,-1.766426,-3.071880,-0.863786,-0.103050,-0.151091,0.920000,1.000000,0.380000,0.500000,0.400000,-0.863786
585,0.685731,-1.764797,-3.073391,-0.828694,-0.104355,-0.151091,0.920000,1.000000,0.380000,0.500000,0.400000,-0.828694
586,0.693927,-1.763191,-3.074902,-0.793595,-0.105607,-0.151091,0.900000,1.000000,0.380000,0.500000,0.400000,-0.793595
587,0.701775,-1.761608,-3.076413,-0.758489,-0.106806,-0.151091,0.900000,1.000000,0.380000,0.500000,0.400000,-0.758489
588,0.709274,-1.760049,-3.077924,-0.723377,-0.107952,-0.151091,0.900000,1.000000,0.380000,0.500000,0.400000,-0.723377
589,0.716425,-1.758511,-3.079435,-0.688258,-0.109045,-0.151091,0.880000,1.000000,0.400000,0.500000,0.400000,-0.688258
590,0.723226,-1.756995,-3.080945,-0.653134,-0.110085,-0.151091,0.880000,1.000000,0.400000,0.500000,0.400000,-0.653134
591,0.729679,-1.755500,-3.082456,-0.618004,-0.111071,-0.151091,0.860000,1.000000,0.400000,0.500000,0.400000,-0.618004
592,0.735783,-1.754026,-3.083967,-0.582869,-0.112005,-0.151091,0.860000,1.000000,0.400000,0.500000,0.400000,-0.582869
593,0.741537,-1.752572,-3.085478,-0.547729,-0.112886,-0.151091,0.840000,1.000000,0.420000,0.500000,0.400000,-0.547729
594,0.746942,-1.751138,-3.086989,-0.512584,-0.113713,-0.151091,0.840000,1.000000,0.420000,0.500000,0.400000,-0.512584
595,0.751999,-1.749723,-3.088500,-0.477434,-0.114488,-0.151091,0.840000,1.000000,0.420000,0.500000,0.400000,-0.477434
596,0.756705,-1.748326,-3.090011,-0.442281,-0.115209,-0.151091,0.820000,1.000000,0.420000,0.500000,0.400000,-0.442281
597,0.761063,-1.746948,-3.091522,-0.407123,-0.115878,-0.151091,0.820000,1.000000,0.420000,0.500000,0.400000,-0.407123
598,0.765071,-1.745587,-3.093033,-0.371962,-0.116493,-0.151091,0.800000,1.000000,0.440000,0.500000,0.400000,-0.371962
599,0.768730,-1.744243,-3.094544,-0.336798,-0.117055,-0.151091,0.800000,1.000000,0.440000,0.500000,0.400000,-0.336798
600,0.772039,-1.742915,-3.096055,-0.301631,-0.117564,-0.151091,0.800000,1.000000,0.440000,0.500000,0.400000,-0.301631
601,0.774999,-1.741603,-3.097565,-0.266461,-0.118019,-0.151091,0.780000,1.000000,0.440000,0.500000,0.400000,-0.266461
602,0.777609,-1.740307,-3.099076,-0.231289,-0.118422,-0.151091,0.780000,1.000000,0.440000,0.500000,0.400000,-0.231289
603,0.779869,-1.739025,-3.100587,-0.196115,-0.118771,-0.151091,0.780000,1.000000,0.460000,0.500000,0.400000,-0.196115
604,0.781780,-1.737758,-3.102098,-0.160938,-0.119068,-0.151091,0.760000,1.000000,0.460000,0.500000,0.400000,-0.160938
605,0.783341,-1.736505,-3.103609,-0.125761,-0.119311,-0.151091,0.760000,1.000000,0.460000,0.500000,0.400000,-0.125761
606,0.784552,-1.735265,-3.105120,-0.090582,-0.119501,-0.151091,0.760000,1.000000,0.460000,0.500000,0.400000,-0.090582
607,0.785414,-1.734038,-3.106631,-0.055402,-0.119638,-0.151091,0.740000,1.000000,0.480000,0.500000,0.400000,-0.055402
608,0.785926,-1.732823,-3.108142,-0.020221,-0.119721,-0.151091,0.740000,1.000000,0.480000,0.500000,0.400000,-0.020221
609,0.786088,-1.731619,-3.109653,0.014959,-0.119752,-0.151091,0.740000,1.000000,0.480000,0.500000,0.400000,0.014959
610,0.785900,-1.730427,-3.111164,0.046245,-0.102655,-0.139599,0.720000,1.000000,0.480000,0.500000,0.400000,0.046245
611,0.785407,-1.729415,-3.112560,0.077485,-0.085427,-0.130806,0.720000,1.000000,0.480000,0.500000,0.400000,0.077485
612,0.784607,-1.728584,-3.113868,0.108696,-0.068133,-0.124096,0.720000,1.000000,0.500000,0.500000,0.400000,0.108696
613,0.783502,-1.727933,-3.115109,0.139912,-0.051073,-0.111388,0.720000,1.000000,0.500000,0.500000,0.400000,0.139912
614,0.782090,-1.727459,-3.116223,0.171180,-0.035005,-0.066770,0.700000,1.000000,0.500000,0.500000,0.400000,0.171180
615,0.780370,-1.727153,-3.116890,0.202552,-0.020984,0.045666,0.700000,1.000000,0.500000,0.500000,0.400000,0.202552
616,0.778340,-1.726993,-3.116434,0.234078,-0.009391,0.225424,0.700000,1.000000,0.500000,0.500000,0.400000,0.234078
617,0.775997,-1.726958,-3.114179,0.265812,0.000120,0.437660,0.720000,1.000000,0.500000,0.500000,0.400000,0.265812
618,0.773340,-1.727032,-3.109803,0.297787,0.007906,0.655150,0.720000,1.000000,0.480000,0.500000,0.400000,0.297787
619,0.770366,-1.727206,-3.103251,0.330006,0.014190,0.865355,0.740000,1.000000,0.480000,0.500000,0.400000,0.330006
620,0.767074,-1.727474,-3.094598,0.362448,0.019124,1.064010,0.760000,1.000000,0.480000,0.500000,0.400000,0.362448
621,0.763463,-1.727835,-3.083958,0.395080,0.022811,1.250470,0.780000,1.000000,0.460000,0.500000,0.400000,0.395080
622,0.759532,-1.728291,-3.071453,0.427865,0.025328,1.425412,0.820000,1.000000,0.440000,0.500000,0.400000,0.427865
623,0.755281,-1.728843,-3.057199,0.460764,0.026721,1.589846,0.860000,1.000000,0.440000,0.500000,0.400000,0.460764
624,0.750712,-1.729498,-3.041300,0.493740,0.027018,1.744734,0.920000,1.000000,0.420000,0.500000,0.400000,0.493740
625,0.745827,-1.730261,-3.023853,0.526753,0.026230,1.890878,0.980000,1.000000,0.400000,0.300000,0.400000,0.526753
626,0.740627,-1.731140,-3.004944,0.545767,0.024360,2.028901,1.000000,1.000000,0.380000,0.300000,0.400000,0.545767
627,0.735253,-1.732125,-2.984655,0.564767,0.021686,2.153924,1.000000,1.000000,0.360000,0.300000,0.400000,0.564767
628,0.729709,-1.733222,-2.963116,0.583717,0.018252,2.267594,1.000000,0.980000,0.360000,0.300000,0.400000,0.583717
629,0.723997,-1.734438,-2.940440,0.602579,0.014095,2.371283,1.000000,0.880000,0.340000,0.100000,0.100000,0.602579
630,0.718121,-1.735780,-2.916727,0.609995,0.002057,2.158783,1.000000,0.780000,0.320000,-0.100000,-0.200000,0.609995
631,0.712179,-1.737160,-2.895139,0.601578,-0.014604,1.683645,1.000000,0.700000,0.320000,-0.300000,-0.400000,0.601578
632,0.706309,-1.738486,-2.878303,0.576934,-0.029050,1.165474,1.000000,0.660000,0.300000,-0.300000,-0.400000,0.576934
633,0.700663,-1.739707,-2.866648,0.552339,-0.039751,0.660971,1.000000,0.620000,0.300000,-0.400000,-0.500000,0.552339
634,0.695239,-1.740824,-2.860038,0.519886,-0.047514,0.164065,1.000000,0.620000,0.300000,-0.400000,-0.500000,0.519886
635,0.690113,-1.741812,-2.858398,0.487773,-0.052461,-0.308112,1.000000,0.600000,0.300000,-0.400000,-0.600000,0.487773
636,0.685283,-1.742672,-2.861479,0.454968,-0.055370,-0.754555,1.000000,0.600000,0.300000,-0.400000,-0.600000,0.454968
637,0.680757,-1.743397,-2.869024,0.422583,-0.056708,-1.161798,1.000000,0.620000,0.300000,-0.400000,-0.500000,0.422583
638,0.676535,-1.743989,-2.880642,0.391884,-0.056449,-1.494972,1.000000,0.640000,0.300000,-0.400000,-0.500000,0.391884
639,0.672603,-1.744454,-2.895592,0.361661,-0.055561,-1.764265,1.000000,0.680000,0.300000,-0.400000,-0.400000,0.361661
640,0.668960,-1.744796,-2.913235,0.333327,-0.052515,-1.883876,1.000000,0.740000,0.320000,-0.300000,-0.300000,0.333327
641,0.665595,-1.745039,-2.932074,0.313407,-0.046895,-1.821946,1.000000,0.800000,0.320000,-0.200000,-0.200000,0.313407
642,0.662431,-1.745233,-2.950293,0.300892,-0.039463,-1.617823,1.000000,0.880000,0.320000,0.100000,0.100000,0.300892
643,0.659402,-1.745417,-2.966471,0.307720,-0.028162,-1.199953,1.000000,0.940000,0.340000,0.200000,0.300000,0.307720
644,0.656323,-1.745676,-2.978471,0.319416,-0.017213,-0.774401,1.000000,1.000000,0.340000,0.300000,0.400000,0.319416
645,0.653143,-1.746025,-2.986215,0.337026,-0.007318,-0.375614,1.000000,1.000000,0.340000,0.300000,0.400000,0.337026
646,0.649803,-1.746474,-2.989971,0.354684,0.001381,-0.010623,1.000000,1.000000,0.340000,0.300000,0.400000,0.354684
647,0.646298,-1.747024,-2.990077,0.372482,0.008797,0.320257,1.000000,1.000000,0.340000,0.300000,0.400000,0.372482
648,0.642630,-1.747673,-2.986875,0.390481,0.014906,0.617640,1.000000,1.000000,0.340000,0.300000,0.400000,0.390481
649,0.638794,-1.748422,-2.980698,0.408703,0.019730,0.883277,1.000000,1.000000,0.340000,0.300000,0.400000,0.408703
650,0.634792,-1.749271,-2.971865,0.427147,0.023331,1.119833,1.000000,0.960000,0.340000,0.200000,0.300000,0.427147
651,0.630621,-1.750223,-2.960667,0.439982,0.024191,1.262033,1.000000,0.900000,0.320000,0.100000,0.100000,0.439982
652,0.626337,-1.751252,-2.948047,0.447386,0.018836,1.147672,1.000000,0.840000,0.320000,0.000000,0.000000,0.447386
653,0.621982,-1.752298,-2.936570,0.447585,0.011714,0.931148,1.000000,0.780000,0.320000,-0.100000,-0.200000,0.447585
654,0.617624,-1.753324,-2.927259,0.439300,0.002191,0.570785,1.000000,0.740000,0.300000,-0.200000,-0.300000,0.439300
655,0.613336,-1.754279,-2.921551,0.423035,-0.006343,0.195605,1.000000,0.720000,0.300000,-0.200000,-0.300000,0.423035
656,0.609194,-1.755141,-2.919595,0.406909,-0.012926,-0.144630,1.000000,0.720000,0.300000,-0.300000,-0.300000,0.406909
657,0.605197,-1.755911,-2.921041,0.383994,-0.017855,-0.443197,1.000000,0.720000,0.300000,-0.300000,-0.300000,0.383994
658,0.601411,-1.756576,-2.925473,0.361340,-0.021429,-0.695138,1.000000,0.740000,0.300000,-0.300000,-0.300000,0.361340
659,0.597835,-1.757142,-2.932424,0.338967,-0.023945,-0.897100,1.000000,0.760000,0.300000,-0.300000,-0.300000,0.338967
660,0.594470,-1.757612,-2.941395,0.316876,-0.025664,-1.048526,1.000000,0.780000,0.300000,-0.200000,-0.200000,0.316876
661,0.591313,-1.757990,-2.951881,0.302984,-0.024056,-1.034050,1.000000,0.820000,0.300000,0.000000,0.000000,0.302984
662,0.588292,-1.758325,-2.962221,0.303224,-0.017135,-0.768809,1.000000,0.860000,0.320000,0.000000,0.000000,0.303224
663,0.585278,-1.758698,-2.969909,0.303348,-0.011952,-0.562249,1.000000,0.900000,0.320000,0.100000,0.100000,0.303348
664,0.582269,-1.759098,-2.975532,0.309881,-0.005742,-0.301681,1.000000,0.940000,0.320000,0.200000,0.300000,0.309881
665,0.579203,-1.759554,-2.978548,0.321615,0.002082,0.035492,1.000000,0.940000,0.320000,0.200000,0.300000,0.321615
666,0.576033,-1.760096,-2.978194,0.333542,0.008547,0.325731,1.000000,0.940000,0.320000,0.200000,0.300000,0.333542
667,0.572756,-1.760723,-2.974936,0.345701,0.013699,0.571874,1.000000,0.920000,0.320000,0.100000,0.100000,0.345701
668,0.569370,-1.761432,-2.969217,0.352730,0.012623,0.563634,1.000000,0.880000,0.320000,0.100000,0.100000,0.352730
669,0.565916,-1.762161,-2.963581,0.359734,0.011770,0.559266,1.000000,0.860000,0.300000,0.000000,0.000000,0.359734
670,0.562397,-1.762914,-2.957988,0.359789,0.008038,0.427631,1.000000,0.820000,0.300000,0.000000,0.000000,0.359789
671,0.558874,-1.763650,-2.953712,0.359813,0.005337,0.325161,1.000000,0.800000,0.300000,-0.100000,-0.200000,0.359813
672,0.555349,-1.764375,-2.950461,0.351586,-0.001402,0.040134,1.000000,0.800000,0.300000,-0.200000,-0.200000,0.351586
673,0.551895,-1.765029,-2.950059,0.336501,-0.006578,-0.199478,1.000000,0.780000,0.300000,-0.200000,-0.200000,0.336501
674,0.548579,-1.765605,-2.952054,0.321587,-0.010429,-0.392860,1.000000,0.800000,0.300000,-0.200000,-0.200000,0.321587
675,0.545401,-1.766108,-2.955983,0.306854,-0.013211,-0.541214,1.000000,0.800000,0.300000,-0.200000,-0.200000,0.306854
676,0.542360,-1.766545,-2.961395,0.292290,-0.015163,-0.648374,1.000000,0.820000,0.300000,0.000000,0.000000,0.292290
677,0.539458,-1.766919,-2.967878,0.292381,-0.010578,-0.466755,1.000000,0.860000,0.300000,0.000000,0.000000,0.292381
678,0.536560,-1.767320,-2.972546,0.292423,-0.007288,-0.332836,1.000000,0.880000,0.300000,0.100000,0.100000,0.292423
679,0.533665,-1.767741,-2.975874,0.298992,-0.002283,-0.120879,1.000000,0.900000,0.300000,0.100000,0.100000,0.298992
680,0.530712,-1.768211,-2.977083,0.305637,0.001382,0.038258,1.000000,0.900000,0.300000,0.100000,0.100000,0.305637
681,0.527699,-1.768725,-2.976701,0.312353,0.004000,0.156446,1.000000,0.900000,0.300000,0.100000,0.100000,0.312353
682,0.524625,-1.769278,-2.975136,0.319131,0.005838,0.244319,1.000000,0.880000,0.300000,0.100000,0.100000,0.319131
683,0.521487,-1.769864,-2.972693,0.325954,0.007110,0.310260,1.000000,0.860000,0.300000,0.000000,0.000000,0.325954
684,0.518286,-1.770482,-2.969590,0.325967,0.004909,0.229356,1.000000,0.840000,0.300000,0.000000,0.000000,0.325967
685,0.515083,-1.771088,-2.967297,0.325969,0.003346,0.168948,1.000000,0.840000,0.300000,0.000000,0.000000,0.325969
686,0.511878,-1.771687,-2.965607,0.325966,0.002247,0.124078,1.000000,0.820000,0.300000,0.000000,0.000000,0.325966
687,0.508673,-1.772279,-2.964367,0.325960,0.001481,0.090870,1.000000,0.820000,0.300000,0.000000,0.000000,0.325960
688,0.505467,-1.772869,-2.963458,0.325952,0.000953,0.066366,1.000000,0.800000,0.300000,-0.100000,-0.200000,0.325952
689,0.502261,-1.773456,-2.962794,0.317831,-0.004623,-0.174745,1.000000,0.800000,0.300000,-0.200000,-0.200000,0.317831
690,0.499125,-1.773975,-2.964542,0.302885,-0.008855,-0.368216,1.000000,0.800000,0.300000,-0.200000,-0.200000,0.302885
691,0.496128,-1.774422,-2.968224,0.288127,-0.011971,-0.515170,1.000000,0.820000,0.300000,0.000000,0.000000,0.288127
692,0.493269,-1.774801,-2.973375,0.288182,-0.008285,-0.366472,1.000000,0.840000,0.300000,0.000000,0.000000,0.288182
693,0.490414,-1.775201,-2.977040,0.288205,-0.005680,-0.258907,1.000000,0.860000,0.300000,0.000000,0.000000,0.288205
694,0.487561,-1.775618,-2.979629,0.288213,-0.003867,-0.182157,1.000000,0.880000,0.300000,0.100000,0.100000,0.288213
695,0.484711,-1.776044,-2.981451,0.294829,0.000224,-0.006375,1.000000,0.880000,0.300000,0.100000,0.100000,0.294829
696,0.481801,-1.776516,-2.981515,0.301524,0.003164,0.123175,1.000000,0.880000,0.300000,0.100000,0.100000,0.301524
697,0.478829,-1.777028,-2.980283,0.308285,0.005239,0.218454,1.000000,0.880000,0.300000,0.100000,0.100000,0.308285
698,0.475795,-1.777575,-2.978098,0.315097,0.006685,0.289092,1.000000,0.860000,0.300000,0.000000,0.000000,0.315097
699,0.472696,-1.778154,-2.975207,0.315108,0.004614,0.211136,1.000000,0.840000,0.280000,0.000000,0.000000,0.315108
700,0.469597,-1.778721,-2.973096,0.315110,0.003152,0.153695,1.000000,0.820000,0.280000,0.000000,0.000000,0.315110
701,0.466495,-1.779281,-2.971559,0.315106,0.002129,0.111578,1.000000,0.820000,0.280000,0.000000,0.000000,0.315106
702,0.463393,-1.779835,-2.970443,0.315100,0.001419,0.080801,1.000000,0.800000,0.280000,-0.100000,-0.200000,0.315100
703,0.460291,-1.780386,-2.969635,0.306967,-0.004250,-0.163168,1.000000,0.800000,0.280000,-0.200000,-0.200000,0.306967
704,0.457259,-1.780869,-2.971267,0.292015,-0.008567,-0.357655,1.000000,0.800000,0.280000,-0.200000,-0.200000,0.292015
705,0.454367,-1.781280,-2.974844,0.277258,-0.011752,-0.503893,1.000000,0.820000,0.280000,0.000000,0.000000,0.277258
706,0.451613,-1.781624,-2.979882,0.277311,-0.008111,-0.352959,1.000000,0.840000,0.280000,0.000000,0.000000,0.277311
707,0.448863,-1.781990,-2.983412,0.277333,-0.005552,-0.245492,1.000000,0.860000,0.280000,0.000000,0.000000,0.277333
708,0.446116,-1.782372,-2.985867,0.277340,-0.003780,-0.170072,1.000000,0.880000,0.280000,0.100000,0.100000,0.277340
709,0.443370,-1.782765,-2.987568,0.283957,0.000277,0.003959,1.000000,0.880000,0.280000,0.100000,0.100000,0.283957
710,0.440564,-1.783204,-2.987528,0.290656,0.003185,0.130437,1.000000,0.880000,0.280000,0.100000,0.100000,0.290656
711,0.437697,-1.783681,-2.986224,0.297422,0.005235,0.222261,1.000000,0.860000,0.280000,0.000000,0.000000,0.297422
712,0.434767,-1.784193,-2.984001,0.297426,0.003605,0.158717,1.000000,0.860000,0.280000,0.000000,0.000000,0.297426
713,0.431835,-1.784695,-2.982414,0.297425,0.002467,0.113067,1.000000,0.840000,0.280000,0.000000,0.000000,0.297425
714,0.428902,-1.785191,-2.981283,0.297420,0.001678,0.080388,1.000000,0.840000,0.280000,0.000000,0.000000,0.297420
715,0.425969,-1.785683,-2.980479,0.297414,0.001133,0.057052,1.000000,0.820000,0.280000,0.000000,0.000000,0.297414
716,0.423035,-1.786171,-2.979909,0.297407,0.000759,0.040419,1.000000,0.820000,0.280000,0.000000,0.000000,0.297407
717,0.420101,-1.786657,-2.979505,0.297399,0.000504,0.028583,1.000000,0.820000,0.280000,0.000000,0.000000,0.297399
718,0.417167,-1.787142,-2.979219,0.297392,0.000330,0.020175,1.000000,0.820000,0.280000,0.000000,0.000000,0.297392
719,0.414233,-1.787626,-2.979017,0.297385,0.000213,0.014210,1.000000,0.820000,0.280000,0.000000,0.000000,0.297385
720,0.411298,-1.788110,-2.978875,0.297377,0.000135,0.009987,1.000000,0.800000,0.280000,-0.100000,-0.200000,0.297377
721,0.408364,-1.788593,-2.978775,0.289286,-0.005215,-0.219614,1.000000,0.800000,0.280000,-0.200000,-0.200000,0.289286
722,0.405501,-1.789010,-2.980971,0.274389,-0.009266,-0.398065,1.000000,0.820000,0.280000,0.000000,0.000000,0.274389
723,0.402778,-1.789357,-2.984952,0.274420,-0.006357,-0.276277,1.000000,0.840000,0.280000,0.000000,0.000000,0.274420
724,0.400057,-1.789723,-2.987715,0.274431,-0.004337,-0.190823,1.000000,0.840000,0.280000,0.000000,0.000000,0.274431
725,0.397339,-1.790100,-2.989623,0.274433,-0.002948,-0.131449,1.000000,0.860000,0.280000,0.000000,0.000000,0.274433
726,0.394621,-1.790487,-2.990937,0.274430,-0.001998,-0.090405,1.000000,0.860000,0.280000,0.000000,0.000000,0.274430
727,0.391905,-1.790879,-2.991841,0.274426,-0.001351,-0.062110,1.000000,0.860000,0.280000,0.000000,0.000000,0.274426
728,0.389190,-1.791275,-2.992463,0.274420,-0.000912,-0.042634,1.000000,0.860000,0.280000,0.000000,0.000000,0.274420
729,0.386475,-1.791674,-2.992889,0.274414,-0.000614,-0.029242,1.000000,0.860000,0.280000,0.000000,0.000000,0.274414
730,0.383760,-1.792074,-2.993181,0.274408,-0.000412,-0.020041,1.000000,0.860000,0.280000,0.000000,0.000000,0.274408
731,0.381045,-1.792476,-2.993382,0.274402,-0.000276,-0.013724,1.000000,0.860000,0.280000,0.000000,0.000000,0.274402
732,0.378331,-1.792878,-2.993519,0.274395,-0.000184,-0.009390,1.000000,0.860000,0.280000,0.000000,0.000000,0.274395
733,0.375617,-1.793281,-2.993613,0.274389,-0.000122,-0.006419,1.000000,0.860000,0.280000,0.000000,0.000000,0.274389
734,0.372903,-1.793685,-2.993677,0.274382,-0.000081,-0.004384,1.000000,0.860000,0.280000,0.000000,0.000000,0.274382
735,0.370189,-1.794088,-2.993721,0.274376,-0.000053,-0.002991,1.000000,0.860000,0.280000,0.000000,0.000000,0.274376
736,0.367475,-1.794492,-2.993751,0.274369,-0.000035,-0.002038,1.000000,0.860000,0.280000,0.000000,0.000000,0.274369
737,0.364761,-1.794896,-2.993771,0.274363,-0.000023,-0.001387,1.000000,0.860000,0.280000,0.000000,0.000000,0.274363
738,0.362047,-1.795300,-2.993785,0.274357,-0.000015,-0.000943,1.000000,0.860000,0.260000,0.000000,0.000000,0.274357
739,0.359334,-1.795704,-2.993795,0.274350,-0.000009,-0.000640,1.000000,0.840000,0.260000,0.000000,0.000000,0.274350
740,0.356620,-1.796108,-2.993801,0.274344,-0.000006,-0.000433,1.000000,0.840000,0.260000,0.000000,0.000000,0.274344
741,0.353906,-1.796511,-2.993805,0.274337,-0.000004,-0.000293,1.000000,0.840000,0.260000,0.000000,0.000000,0.274337
742,0.351193,-1.796915,-2.993808,0.274331,-0.000002,-0.000198,1.000000,0.840000,0.260000,0.000000,0.000000,0.274331
743,0.348480,-1.797319,-2.993810,0.274324,-0.000001,-0.000133,1.000000,0.840000,0.260000,0.000000,0.000000,0.274324
744,0.345766,-1.797723,-2.993811,0.274318,-0.000001,-0.000090,1.000000,0.840000,0.260000,0.000000,0.000000,0.274318
745,0.343053,-1.798127,-2.993812,0.274312,-0.000000,-0.000060,1.000000,0.840000,0.260000,0.000000,0.000000,0.274312
746,0.340340,-1.798531,-2.993813,0.274305,-0.000000,-0.000040,1.000000,0.840000,0.260000,0.000000,0.000000,0.274305
747,0.337627,-1.798935,-2.993813,0.274299,-0.000000,-0.000027,1.000000,0.840000,0.260000,0.000000,0.000000,0.274299
748,0.334913,-1.799339,-2.993814,0.274292,-0.000000,-0.000018,1.000000,0.820000,0.260000,0.000000,0.000000,0.274292
749,0.332200,-1.799743,-2.993814,0.274286,0.000000,-0.000012,1.000000,0.820000,0.260000,0.000000,0.000000,0.274286
750,0.329487,-1.800147,-2.993814,0.274280,0.000000,-0.000008,1.000000,0.820000,0.260000,0.000000,0.000000,0.274280
751,0.326775,-1.800550,-2.993814,0.274273,0.000000,-0.000005,1.000000,0.820000,0.260000,0.000000,0.000000,0.274273
752,0.324062,-1.800954,-2.993814,0.274267,0.000000,-0.000003,1.000000,0.820000,0.260000,0.000000,0.000000,0.274267
753,0.321349,-1.801358,-2.993814,0.274260,0.000000,-0.000002,1.000000,0.820000,0.260000,0.000000,0.000000,0.274260
754,0.318636,-1.801762,-2.993814,0.274254,0.000000,-0.000001,1.000000,0.820000,0.260000,0.000000,0.000000,0.274254
755,0.315924,-1.802166,-2.993814,0.274247,0.000000,-0.000001,1.000000,0.820000,0.260000,0.000000,0.000000,0.274247
756,0.313211,-1.802569,-2.993814,0.274241,0.000000,-0.000001,1.000000,0.820000,0.260000,0.000000,0.000000,0.274241
757,0.310498,-1.802973,-2.993814,0.274235,0.000000,-0.000000,1.000000,0.800000,0.260000,-0.200000,-0.200000,0.274235
758,0.307786,-1.803377,-2.993814,0.259151,-0.005314,-0.227281,1.000000,0.800000,0.260000,-0.200000,-0.200000,0.259151
759,0.305215,-1.803706,-2.996087,0.244284,-0.009322,-0.397497,1.000000,0.820000,0.260000,0.000000,0.000000,0.244284
760,0.302784,-1.803968,-3.000062,0.244316,-0.006311,-0.261676,1.000000,0.840000,0.260000,0.000000,0.000000,0.244316
761,0.300357,-1.804250,-3.002679,0.244327,-0.004255,-0.171332,1.000000,0.860000,0.260000,0.000000,0.000000,0.244327
762,0.297931,-1.804546,-3.004392,0.244330,-0.002868,-0.111991,1.000000,0.860000,0.260000,0.000000,0.000000,0.244330
763,0.295507,-1.804852,-3.005512,0.244328,-0.001936,-0.073217,1.000000,0.860000,0.260000,0.000000,0.000000,0.244328
764,0.293084,-1.805164,-3.006244,0.244324,-0.001309,-0.047921,1.000000,0.860000,0.260000,0.000000,0.000000,0.244324
765,0.290661,-1.805481,-3.006723,0.244319,-0.000888,-0.031414,1.000000,0.860000,0.260000,0.000000,0.000000,0.244319
766,0.288239,-1.805801,-3.007037,0.244315,-0.000604,-0.020631,1.000000,0.860000,0.260000,0.000000,0.000000,0.244315
767,0.285817,-1.806123,-3.007244,0.244310,-0.000411,-0.013577,1.000000,0.860000,0.260000,0.000000,0.000000,0.244310
768,0.283395,-1.806446,-3.007380,0.244305,-0.000281,-0.008954,1.000000,0.860000,0.260000,0.000000,0.000000,0.244305
769,0.280974,-1.806770,-3.007469,0.244300,-0.000193,-0.005919,1.000000,0.860000,0.260000,0.000000,0.000000,0.244300
770,0.278552,-1.807095,-3.007528,0.244294,-0.000132,-0.003922,1.000000,0.860000,0.260000,0.000000,0.000000,0.244294
771,0.276131,-1.807420,-3.007567,0.244289,-0.000091,-0.002605,1.000000,0.860000,0.260000,0.000000,0.000000,0.244289
772,0.273710,-1.807745,-3.007594,0.244284,-0.000063,-0.001735,1.000000,0.860000,0.260000,0.000000,0.000000,0.244284
773,0.271289,-1.808071,-3.007611,0.244279,-0.000043,-0.001158,1.000000,0.860000,0.260000,0.000000,0.000000,0.244279
774,0.268868,-1.808397,-3.007622,0.244274,-0.000030,-0.000775,1.000000,0.860000,0.260000,0.000000,0.000000,0.244274
775,0.266447,-1.808723,-3.007630,0.244269,-0.000021,-0.000520,1.000000,0.860000,0.260000,0.000000,0.000000,0.244269
776,0.264026,-1.809049,-3.007635,0.244264,-0.000015,-0.000350,1.000000,0.860000,0.260000,0.000000,0.000000,0.244264
777,0.261606,-1.809375,-3.007639,0.244259,-0.000010,-0.000236,1.000000,0.860000,0.260000,0.000000,0.000000,0.244259
778,0.259185,-1.809701,-3.007641,0.244254,-0.000007,-0.000160,1.000000,0.860000,0.260000,0.000000,0.000000,0.244254
779,0.256764,-1.810027,-3.007643,0.244249,-0.000005,-0.000109,1.000000,0.840000,0.260000,0.000000,0.000000,0.244249
780,0.254344,-1.810354,-3.007644,0.244244,-0.000003,-0.000074,1.000000,0.840000,0.260000,0.000000,0.000000,0.244244
781,0.251923,-1.810680,-3.007645,0.244238,-0.000002,-0.000050,1.000000,0.840000,0.240000,0.000000,0.000000,0.244238
782,0.249503,-1.811006,-3.007645,0.244233,-0.000002,-0.000034,1.000000,0.840000,0.240000,0.000000,0.000000,0.244233
783,0.247082,-1.811332,-3.007646,0.244228,-0.000001,-0.000024,1.000000,0.840000,0.240000,0.000000,0.000000,0.244228
784,0.244662,-1.811658,-3.007646,0.244223,-0.000001,-0.000016,1.000000,0.840000,0.240000,0.000000,0.000000,0.244223
785,0.242241,-1.811984,-3.007646,0.244218,-0.000001,-0.000011,1.000000,0.840000,0.240000,0.000000,0.000000,0.244218
786,0.239821,-1.812310,-3.007646,0.244213,-0.000000,-0.000008,1.000000,0.840000,0.240000,0.000000,0.000000,0.244213
787,0.237401,-1.812637,-3.007646,0.244208,-0.000000,-0.000005,1.000000,0.840000,0.240000,0.000000,0.000000,0.244208
788,0.234981,-1.812963,-3.007646,0.244203,-0.000000,-0.000004,1.000000,0.840000,0.240000,0.000000,0.000000,0.244203
789,0.232560,-1.813289,-3.007646,0.244198,-0.000000,-0.000003,1.000000,0.820000,0.240000,0.000000,0.000000,0.244198
790,0.230140,-1.813615,-3.007646,0.244193,-0.000000,-0.000002,1.000000,0.820000,0.240000,0.000000,0.000000,0.244193
791,0.227720,-1.813941,-3.007646,0.244188,-0.000000,-0.000001,1.000000,0.820000,0.240000,0.000000,0.000000,0.244188
792,0.225300,-1.814267,-3.007646,0.244182,-0.000000,-0.000001,1.000000,0.820000,0.240000,0.000000,0.000000,0.244182
793,0.222880,-1.814593,-3.007646,0.244177,-0.000000,-0.000001,1.000000,0.820000,0.240000,0.000000,0.000000,0.244177
794,0.220460,-1.814919,-3.007646,0.244172,-0.000000,-0.000000,1.000000,0.820000,0.240000,0.000000,0.000000,0.244172
795,0.218041,-1.815245,-3.007646,0.244167,-0.000000,-0.000000,1.000000,0.820000,0.240000,0.000000,0.000000,0.244167
796,0.215621,-1.815571,-3.007646,0.244162,-0.000000,-0.000000,1.000000,0.820000,0.240000,0.000000,0.000000,0.244162
797,0.213201,-1.815898,-3.007646,0.244157,-0.000000,-0.000000,1.000000,0.820000,0.240000,0.000000,0.000000,0.244157
798,0.210781,-1.816224,-3.007646,0.244152,-0.000000,-0.000000,1.000000,0.820000,0.240000,0.000000,0.000000,0.244152
799,0.208362,-1.816550,-3.007646,0.244147,-0.000000,-0.000000,1.000000,0.800000,0.240000,-0.200000,-0.200000,0.244147
800,0.205942,-1.816876,-3.007646,0.229065,-0.005314,-0.227281,1.000000,0.800000,0.240000,-0.200000,-0.200000,0.229065
801,0.203665,-1.817129,-3.009919,0.214228,-0.009285,-0.389521,1.000000,0.820000,0.240000,0.000000,0.000000,0.214228
802,0.201529,-1.817318,-3.013814,0.214260,-0.006147,-0.238958,1.000000,0.840000,0.240000,0.000000,0.000000,0.214260
803,0.199396,-1.817530,-3.016204,0.214271,-0.004048,-0.145679,1.000000,0.860000,0.240000,0.000000,0.000000,0.214271
804,0.197265,-1.817758,-3.017661,0.214273,-0.002667,-0.088855,1.000000,0.860000,0.240000,0.000000,0.000000,0.214273
805,0.195135,-1.817996,-3.018549,0.214271,-0.001761,-0.054398,1.000000,0.880000,0.240000,0.100000,0.100000,0.214271
806,0.193007,-1.818242,-3.019093,0.220927,0.001748,0.091209,1.000000,0.880000,0.240000,0.100000,0.100000,0.220927
807,0.190816,-1.818529,-3.018181,0.227683,0.004157,0.184972,1.000000,0.860000,0.240000,0.000000,0.000000,0.227683
808,0.188562,-1.818851,-3.016331,0.227686,0.002740,0.115635,1.000000,0.840000,0.240000,0.000000,0.000000,0.227686
809,0.186306,-1.819162,-3.015175,0.227685,0.001811,0.072353,1.000000,0.840000,0.240000,0.000000,0.000000,0.227685
810,0.184050,-1.819467,-3.014452,0.227681,0.001201,0.045377,1.000000,0.840000,0.240000,0.000000,0.000000,0.227681
811,0.181793,-1.819768,-3.013998,0.227678,0.000799,0.028545,1.000000,0.820000,0.240000,0.000000,0.000000,0.227678
812,0.179536,-1.820066,-3.013712,0.227673,0.000534,0.018019,1.000000,0.820000,0.240000,0.000000,0.000000,0.227673
813,0.177278,-1.820361,-3.013532,0.227669,0.000358,0.011418,1.000000,0.820000,0.240000,0.000000,0.000000,0.227669
814,0.175021,-1.820656,-3.013418,0.227665,0.000241,0.007264,1.000000,0.820000,0.240000,0.000000,0.000000,0.227665
815,0.172763,-1.820949,-3.013345,0.227660,0.000163,0.004641,1.000000,0.820000,0.240000,0.000000,0.000000,0.227660
816,0.170505,-1.821242,-3.013299,0.227656,0.000110,0.002978,1.000000,0.820000,0.240000,0.000000,0.000000,0.227656
817,0.168247,-1.821534,-3.013269,0.227651,0.000075,0.001920,1.000000,0.820000,0.240000,0.000000,0.000000,0.227651
818,0.165990,-1.821826,-3.013250,0.227647,0.000051,0.001243,1.000000,0.820000,0.240000,0.000000,0.000000,0.227647
819,0.163732,-1.822118,-3.013237,0.227643,0.000035,0.000809,1.000000,0.800000,0.240000,-0.100000,-0.200000,0.227643
820,0.161474,-1.822410,-3.013229,0.219560,-0.005287,-0.226634,1.000000,0.800000,0.240000,-0.200000,-0.200000,0.219560
821,0.159290,-1.822638,-3.015496,0.204733,-0.009247,-0.386047,1.000000,0.820000,0.240000,0.000000,0.000000,0.204733
822,0.157247,-1.822804,-3.019356,0.204766,-0.006063,-0.230359,1.000000,0.840000,0.240000,0.000000,0.000000,0.204766
823,0.155208,-1.822994,-3.021660,0.204776,-0.003948,-0.136554,1.000000,0.860000,0.240000,0.000000,0.000000,0.204776
824,0.153170,-1.823200,-3.023025,0.204778,-0.002571,-0.081079,1.000000,0.860000,0.240000,0.000000,0.000000,0.204778
825,0.151133,-1.823416,-3.023836,0.204776,-0.001678,-0.048407,1.000000,0.880000,0.240000,0.100000,0.100000,0.204776
826,0.149098,-1.823640,-3.024320,0.211434,0.001818,0.095673,1.000000,0.880000,0.240000,0.100000,0.100000,0.211434
827,0.147000,-1.823906,-3.023363,0.218195,0.004195,0.186142,1.000000,0.860000,0.240000,0.000000,0.000000,0.218195
828,0.144838,-1.824205,-3.021502,0.218199,0.002741,0.113395,1.000000,0.860000,0.240000,0.000000,0.000000,0.218199
829,0.142675,-1.824493,-3.020368,0.218198,0.001796,0.069198,1.000000,0.840000,0.240000,0.000000,0.000000,0.218198
830,0.140512,-1.824775,-3.019676,0.218195,0.001181,0.042377,1.000000,0.840000,0.240000,0.000000,0.000000,0.218195
831,0.138347,-1.825052,-3.019252,0.218191,0.000780,0.026068,1.000000,0.820000,0.240000,0.000000,0.000000,0.218191
832,0.136183,-1.825326,-3.018992,0.218187,0.000518,0.016117,1.000000,0.820000,0.220000,0.000000,0.000000,0.218187
833,0.134018,-1.825598,-3.018830,0.218183,0.000345,0.010018,1.000000,0.820000,0.220000,0.000000,0.000000,0.218183
834,0.131853,-1.825869,-3.018730,0.218179,0.000230,0.006262,1.000000,0.820000,0.220000,0.000000,0.000000,0.218179
835,0.129688,-1.826138,-3.018668,0.218175,0.000154,0.003938,1.000000,0.820000,0.220000,0.000000,0.000000,0.218175
836,0.127523,-1.826407,-3.018628,0.218171,0.000104,0.002491,1.000000,0.820000,0.220000,0.000000,0.000000,0.218171
837,0.125358,-1.826676,-3.018603,0.218167,0.000070,0.001585,1.000000,0.820000,0.220000,0.000000,0.000000,0.218167
838,0.123192,-1.826944,-3.018588,0.218163,0.000047,0.001015,1.000000,0.820000,0.220000,0.000000,0.000000,0.218163
839,0.121027,-1.827212,-3.018577,0.218159,0.000032,0.000653,1.000000,0.820000,0.220000,0.000000,0.000000,0.218159
840,0.118862,-1.827480,-3.018571,0.218155,0.000022,0.000423,1.000000,0.800000,0.220000,-0.100000,-0.200000,0.218155
841,0.116697,-1.827748,-3.018567,0.210073,-0.005298,-0.226933,1.000000,0.800000,0.220000,-0.200000,-0.200000,0.210073
842,0.114606,-1.827954,-3.020836,0.195259,-0.009232,-0.382982,1.000000,0.820000,0.220000,0.000000,0.000000,0.195259
843,0.112656,-1.828097,-3.024666,0.195292,-0.005986,-0.221604,1.000000,0.840000,0.220000,0.000000,0.000000,0.195292
844,0.110710,-1.828266,-3.026882,0.195302,-0.003846,-0.127323,1.000000,0.860000,0.220000,0.000000,0.000000,0.195302
845,0.108765,-1.828451,-3.028155,0.195303,-0.002469,-0.073382,1.000000,0.860000,0.220000,0.000000,0.000000,0.195303
846,0.106822,-1.828647,-3.028889,0.195302,-0.001589,-0.042624,1.000000,0.880000,0.220000,0.100000,0.100000,0.195302
847,0.104880,-1.828851,-3.029315,0.201961,0.001895,0.099889,1.000000,0.880000,0.220000,0.100000,0.100000,0.201961
848,0.102875,-1.829096,-3.028316,0.208728,0.004235,0.186874,1.000000,0.860000,0.220000,0.000000,0.000000,0.208728
849,0.100806,-1.829374,-3.026447,0.208733,0.002739,0.110620,1.000000,0.840000,0.220000,0.000000,0.000000,0.208733
850,0.098735,-1.829641,-3.025341,0.208732,0.001777,0.065664,1.000000,0.840000,0.220000,0.000000,0.000000,0.208732
851,0.096664,-1.829901,-3.024685,0.208729,0.001157,0.039178,1.000000,0.840000,0.220000,0.000000,0.000000,0.208729
852,0.094592,-1.830156,-3.024293,0.208726,0.000757,0.023522,1.000000,0.820000,0.220000,0.000000,0.000000,0.208726
853,0.092520,-1.830408,-3.024058,0.208723,0.000497,0.014221,1.000000,0.820000,0.220000,0.000000,0.000000,0.208723
854,0.090448,-1.830658,-3.023915,0.208719,0.000328,0.008661,1.000000,0.820000,0.220000,0.000000,0.000000,0.208719
855,0.088376,-1.830906,-3.023829,0.208715,0.000217,0.005315,1.000000,0.820000,0.220000,0.000000,0.000000,0.208715
856,0.086303,-1.831153,-3.023776,0.208712,0.000144,0.003287,1.000000,0.820000,0.220000,0.000000,0.000000,0.208712
857,0.084231,-1.831400,-3.023743,0.208708,0.000096,0.002049,1.000000,0.820000,0.220000,0.000000,0.000000,0.208708
858,0.082158,-1.831646,-3.023722,0.208704,0.000064,0.001287,1.000000,0.820000,0.220000,0.000000,0.000000,0.208704
859,0.080086,-1.831892,-3.023709,0.208700,0.000042,0.000814,1.000000,0.820000,0.220000,0.000000,0.000000,0.208700
860,0.078013,-1.832138,-3.023701,0.208697,0.000028,0.000518,1.000000,0.820000,0.220000,0.000000,0.000000,0.208697
861,0.075941,-1.832384,-3.023696,0.208693,0.000019,0.000332,1.000000,0.800000,0.220000,-0.100000,-0.200000,0.208693
862,0.073869,-1.832630,-3.023693,0.200611,-0.005300,-0.227003,1.000000,0.800000,0.220000,-0.200000,-0.200000,0.200611
863,0.071870,-1.832813,-3.025963,0.185811,-0.009207,-0.379430,1.000000,0.820000,0.220000,0.000000,0.000000,0.185811
864,0.070014,-1.832936,-3.029757,0.185843,-0.005892,-0.212067,1.000000,0.840000,0.220000,0.000000,0.000000,0.185843
865,0.068160,-1.833085,-3.031878,0.185853,-0.003725,-0.117628,1.000000,0.860000,0.220000,0.000000,0.000000,0.185853
866,0.066309,-1.833251,-3.033054,0.185854,-0.002351,-0.065580,1.000000,0.880000,0.220000,0.100000,0.100000,0.185854
867,0.064459,-1.833429,-3.033710,0.192493,0.001396,0.086332,1.000000,0.880000,0.220000,0.100000,0.100000,0.192493
868,0.062547,-1.833650,-3.032847,0.199250,0.003892,0.176578,1.000000,0.860000,0.220000,0.000000,0.000000,0.199250
869,0.060570,-1.833905,-3.031081,0.199253,0.002481,0.100884,1.000000,0.860000,0.220000,0.000000,0.000000,0.199253
870,0.058592,-1.834150,-3.030072,0.199252,0.001586,0.057894,1.000000,0.840000,0.220000,0.000000,0.000000,0.199252
871,0.056614,-1.834387,-3.029493,0.199250,0.001019,0.033461,1.000000,0.840000,0.220000,0.000000,0.000000,0.199250
872,0.054635,-1.834620,-3.029158,0.199247,0.000657,0.019505,1.000000,0.840000,0.220000,0.000000,0.000000,0.199247
873,0.052656,-1.834850,-3.028963,0.199243,0.000426,0.011475,1.000000,0.820000,0.220000,0.000000,0.000000,0.199243
874,0.050677,-1.835079,-3.028849,0.199240,0.000277,0.006817,1.000000,0.820000,0.220000,0.000000,0.000000,0.199240
875,0.048697,-1.835305,-3.028780,0.199237,0.000180,0.004090,1.000000,0.820000,0.220000,0.000000,0.000000,0.199237
876,0.046718,-1.835532,-3.028739,0.199233,0.000118,0.002479,1.000000,0.820000,0.220000,0.000000,0.000000,0.199233
877,0.044738,-1.835757,-3.028715,0.199230,0.000077,0.001516,1.000000,0.820000,0.220000,0.000000,0.000000,0.199230
878,0.042759,-1.835982,-3.028700,0.199226,0.000051,0.000936,1.000000,0.820000,0.220000,0.000000,0.000000,0.199226
879,0.040779,-1.836207,-3.028690,0.199223,0.000033,0.000583,1.000000,0.820000,0.220000,0.000000,0.000000,0.199223
880,0.038800,-1.836432,-3.028684,0.199220,0.000022,0.000366,1.000000,0.820000,0.220000,0.000000,0.000000,0.199220
881,0.036820,-1.836657,-3.028681,0.199216,0.000014,0.000232,1.000000,0.820000,0.220000,0.000000,0.000000,0.199216
882,0.034841,-1.836881,-3.028678,0.199213,0.000009,0.000147,1.000000,0.820000,0.220000,0.000000,0.000000,0.199213
883,0.032861,-1.837106,-3.028677,0.199210,0.000006,0.000094,1.000000,0.820000,0.220000,0.000000,0.000000,0.199210
884,0.030882,-1.837330,-3.028676,0.199206,0.000004,0.000061,1.000000,0.800000,0.220000,-0.100000,-0.200000,0.199206
885,0.028903,-1.837555,-3.028675,0.191125,-0.005311,-0.227228,1.000000,0.800000,0.220000,-0.200000,-0.200000,0.191125
886,0.026998,-1.837717,-3.030948,0.176341,-0.009183,-0.375601,1.000000,0.820000,0.220000,0.000000,0.000000,0.176341
887,0.025235,-1.837821,-3.034704,0.176373,-0.005787,-0.201802,1.000000,0.860000,0.220000,0.000000,0.000000,0.176373
888,0.023475,-1.837951,-3.036722,0.176382,-0.003589,-0.107532,1.000000,0.860000,0.220000,0.000000,0.000000,0.176382
889,0.021717,-1.838100,-3.037797,0.176383,-0.002219,-0.057752,1.000000,0.880000,0.220000,0.100000,0.100000,0.176383
890,0.019960,-1.838261,-3.038374,0.183023,0.001514,0.091975,1.000000,0.880000,0.220000,0.100000,0.100000,0.183023
891,0.018141,-1.838465,-3.037455,0.189788,0.003959,0.177764,1.000000,0.860000,0.220000,0.000000,0.000000,0.189788
892,0.016258,-1.838701,-3.035677,0.189792,0.002490,0.097906,1.000000,0.860000,0.220000,0.000000,0.000000,0.189792
893,0.014373,-1.838927,-3.034698,0.189791,0.001569,0.054262,1.000000,0.840000,0.220000,0.000000,0.000000,0.189791
894,0.012488,-1.839145,-3.034155,0.189789,0.000993,0.030369,1.000000,0.840000,0.220000,0.000000,0.000000,0.189789
895,0.010602,-1.839358,-3.033852,0.189786,0.000631,0.017193,1.000000,0.840000,0.220000,0.000000,0.000000,0.189786
896,0.008716,-1.839569,-3.033680,0.189783,0.000402,0.009855,1.000000,0.840000,0.220000,0.000000,0.000000,0.189783
897,0.006829,-1.839777,-3.033581,0.189780,0.000257,0.005721,1.000000,0.820000,0.200000,0.000000,0.000000,0.189780
898,0.004943,-1.839984,-3.033524,0.189777,0.000165,0.003363,1.000000,0.820000,0.200000,0.000000,0.000000,0.189777
899,0.003057,-1.840190,-3.033490,0.189774,0.000106,0.002001,1.000000,0.820000,0.200000,0.000000,0.000000,0.189774
900,0.001170,-1.840396,-3.033470,0.189771,0.000068,0.001205,1.000000,0.820000,0.200000,0.000000,0.000000,0.189771
901,-0.000717,-1.840602,-3.033458,0.189768,0.000044,0.000733,1.000000,0.820000,0.200000,0.000000,0.000000,0.189768
902,-0.002603,-1.840807,-3.033451,0.189765,0.000028,0.000450,1.000000,0.820000,0.200000,0.000000,0.000000,0.189765
903,-0.004490,-1.841012,-3.033447,0.189762,0.000018,0.000279,1.000000,0.820000,0.200000,0.000000,0.000000,0.189762
904,-0.006376,-1.841217,-3.033444,0.189759,0.000012,0.000174,1.000000,0.820000,0.200000,0.000000,0.000000,0.189759
905,-0.008263,-1.841422,-3.033442,0.189756,0.000008,0.000109,1.000000,0.820000,0.200000,0.000000,0.000000,0.189756
906,-0.010149,-1.841627,-3.033441,0.189753,0.000005,0.000069,1.000000,0.820000,0.200000,0.000000,0.000000,0.189753
907,-0.012036,-1.841832,-3.033440,0.189750,0.000003,0.000044,1.000000,0.820000,0.200000,0.000000,0.000000,0.189750
908,-0.013922,-1.842037,-3.033440,0.189747,0.000002,0.000028,1.000000,0.820000,0.200000,0.000000,0.000000,0.189747
909,-0.015808,-1.842241,-3.033439,0.189744,0.000001,0.000018,1.000000,0.800000,0.200000,-0.100000,-0.200000,0.189744
910,-0.017695,-1.842446,-3.033439,0.181663,-0.005313,-0.227265,1.000000,0.800000,0.200000,-0.200000,-0.200000,0.181663
911,-0.019506,-1.842590,-3.035712,0.166895,-0.009146,-0.371200,1.000000,0.820000,0.200000,0.000000,0.000000,0.166895
912,-0.021176,-1.842675,-3.039424,0.166927,-0.005662,-0.190607,1.000000,0.860000,0.200000,0.000000,0.000000,0.166927
913,-0.022842,-1.842789,-3.041330,0.166935,-0.003431,-0.097002,1.000000,0.860000,0.200000,0.000000,0.000000,0.166935
914,-0.024506,-1.842922,-3.042300,0.166936,-0.002068,-0.049948,1.000000,0.880000,0.200000,0.100000,0.100000,0.166936
915,-0.026170,-1.843067,-3.042800,0.173579,0.001645,0.097413,1.000000,0.880000,0.200000,0.100000,0.100000,0.173579
916,-0.027895,-1.843254,-3.041825,0.180353,0.004031,0.178390,1.000000,0.860000,0.200000,0.000000,0.000000,0.180353
917,-0.029686,-1.843474,-3.040041,0.180358,0.002495,0.094252,1.000000,0.860000,0.200000,0.000000,0.000000,0.180358
918,-0.031478,-1.843682,-3.039099,0.180357,0.001545,0.050233,1.000000,0.840000,0.200000,0.000000,0.000000,0.180357
919,-0.033270,-1.843882,-3.038597,0.180355,0.000960,0.027132,1.000000,0.840000,0.200000,0.000000,0.000000,0.180355
920,-0.035063,-1.844077,-3.038325,0.180353,0.000599,0.014882,1.000000,0.840000,0.200000,0.000000,0.000000,0.180353
921,-0.036857,-1.844269,-3.038176,0.180350,0.000374,0.008297,1.000000,0.820000,0.200000,0.000000,0.000000,0.180350
922,-0.038650,-1.844458,-3.038094,0.180347,0.000234,0.004701,1.000000,0.820000,0.200000,0.000000,0.000000,0.180347
923,-0.040444,-1.844647,-3.038047,0.180344,0.000147,0.002706,1.000000,0.820000,0.200000,0.000000,0.000000,0.180344
924,-0.042237,-1.844835,-3.038019,0.180342,0.000092,0.001580,1.000000,0.820000,0.200000,0.000000,0.000000,0.180342
925,-0.044031,-1.845022,-3.038004,0.180339,0.000058,0.000935,1.000000,0.820000,0.200000,0.000000,0.000000,0.180339
926,-0.045825,-1.845209,-3.037994,0.180336,0.000037,0.000560,1.000000,0.820000,0.200000,0.000000,0.000000,0.180336
927,-0.047618,-1.845396,-3.037989,0.180333,0.000023,0.000339,1.000000,0.820000,0.200000,0.000000,0.000000,0.180333
928,-0.049412,-1.845583,-3.037985,0.180331,0.000015,0.000206,1.000000,0.820000,0.200000,0.000000,0.000000,0.180331
929,-0.051205,-1.845770,-3.037983,0.180328,0.000009,0.000127,1.000000,0.820000,0.200000,0.000000,0.000000,0.180328
930,-0.052999,-1.845956,-3.037982,0.180325,0.000006,0.000078,1.000000,0.820000,0.200000,0.000000,0.000000,0.180325
931,-0.054793,-1.846143,-3.037981,0.180322,0.000004,0.000049,1.000000,0.820000,0.200000,0.000000,0.000000,0.180322
932,-0.056586,-1.846329,-3.037981,0.180319,0.000002,0.000030,1.000000,0.820000,0.200000,0.000000,0.000000,0.180319
933,-0.058380,-1.846516,-3.037980,0.180317,0.000001,0.000019,1.000000,0.820000,0.200000,0.000000,0.000000,0.180317
934,-0.060173,-1.846702,-3.037980,0.180314,0.000001,0.000012,1.000000,0.800000,0.200000,-0.100000,-0.200000,0.180314
935,-0.061967,-1.846889,-3.037980,0.172234,-0.005313,-0.227270,1.000000,0.800000,0.200000,-0.200000,-0.200000,0.172234
936,-0.063685,-1.847014,-3.040253,0.157484,-0.009100,-0.366274,1.000000,0.820000,0.200000,0.000000,0.000000,0.157484
937,-0.065261,-1.847083,-3.043916,0.157516,-0.005517,-0.178475,1.000000,0.860000,0.200000,0.000000,0.000000,0.157516
938,-0.066834,-1.847182,-3.045700,0.157523,-0.003250,-0.086129,1.000000,0.860000,0.200000,0.000000,0.000000,0.157523
939,-0.068405,-1.847300,-3.046562,0.157524,-0.001900,-0.042289,1.000000,0.880000,0.200000,0.100000,0.100000,0.157524
940,-0.069975,-1.847431,-3.046984,0.164170,0.001788,0.102554,1.000000,0.880000,0.200000,0.100000,0.100000,0.164170
941,-0.071608,-1.847604,-3.045959,0.170954,0.004103,0.178351,1.000000,0.860000,0.200000,0.000000,0.000000,0.170954
942,-0.073306,-1.847808,-3.044175,0.170959,0.002492,0.089856,1.000000,0.860000,0.200000,0.000000,0.000000,0.170959
943,-0.075005,-1.847999,-3.043277,0.170959,0.001511,0.045819,1.000000,0.840000,0.200000,0.000000,0.000000,0.170959
944,-0.076705,-1.848182,-3.042819,0.170957,0.000918,0.023792,1.000000,0.840000,0.200000,0.000000,0.000000,0.170957
945,-0.078405,-1.848359,-3.042581,0.170955,0.000559,0.012611,1.000000,0.840000,0.200000,0.000000,0.000000,0.170955
946,-0.080106,-1.848534,-3.042455,0.170952,0.000341,0.006827,1.000000,0.840000,0.200000,0.000000,0.000000,0.170952
947,-0.081806,-1.848706,-3.042386,0.170950,0.000208,0.003772,1.000000,0.820000,0.200000,0.000000,0.000000,0.170950
948,-0.083507,-1.848878,-3.042349,0.170947,0.000127,0.002123,1.000000,0.820000,0.200000,0.000000,0.000000,0.170947
949,-0.085208,-1.849048,-3.042327,0.170945,0.000078,0.001215,1.000000,0.820000,0.200000,0.000000,0.000000,0.170945
950,-0.086909,-1.849219,-3.042315,0.170942,0.000048,0.000706,1.000000,0.820000,0.200000,0.000000,0.000000,0.170942
951,-0.088610,-1.849389,-3.042308,0.170940,0.000029,0.000415,1.000000,0.820000,0.200000,0.000000,0.000000,0.170940
952,-0.090311,-1.849558,-3.042304,0.170937,0.000018,0.000246,1.000000,0.820000,0.200000,0.000000,0.000000,0.170937
953,-0.092012,-1.849728,-3.042302,0.170935,0.000011,0.000147,1.000000,0.820000,0.200000,0.000000,0.000000,0.170935
954,-0.093713,-1.849897,-3.042300,0.170932,0.000007,0.000089,1.000000,0.820000,0.200000,0.000000,0.000000,0.170932
955,-0.095414,-1.850067,-3.042299,0.170930,0.000004,0.000054,1.000000,0.820000,0.200000,0.000000,0.000000,0.170930
956,-0.097115,-1.850236,-3.042299,0.170927,0.000003,0.000032,1.000000,0.820000,0.200000,0.000000,0.000000,0.170927
957,-0.098816,-1.850406,-3.042298,0.170925,0.000002,0.000020,1.000000,0.820000,0.200000,0.000000,0.000000,0.170925
958,-0.100516,-1.850575,-3.042298,0.170922,0.000001,0.000012,1.000000,0.820000,0.200000,0.000000,0.000000,0.170922
959,-0.102217,-1.850745,-3.042298,0.170920,0.000001,0.000007,1.000000,0.820000,0.200000,0.000000,0.000000,0.170920
960,-0.103918,-1.850914,-3.042298,0.170917,0.000000,0.000005,1.000000,0.800000,0.200000,-0.100000,-0.200000,0.170917
961,-0.105619,-1.851084,-3.042298,0.162838,-0.005314,-0.227277,1.000000,0.800000,0.200000,-0.200000,-0.200000,0.162838
962,-0.107244,-1.851192,-3.044571,0.148109,-0.009046,-0.360757,1.000000,0.820000,0.200000,0.000000,0.000000,0.148109
963,-0.108727,-1.851246,-3.048178,0.148140,-0.005352,-0.165319,1.000000,0.860000,0.200000,0.000000,0.000000,0.148140
964,-0.110207,-1.851331,-3.049831,0.148147,-0.003046,-0.074988,1.000000,0.880000,0.200000,0.100000,0.100000,0.148147
965,-0.111685,-1.851436,-3.050581,0.154755,0.001106,0.085771,1.000000,0.880000,0.200000,0.100000,0.100000,0.154755
966,-0.113225,-1.851588,-3.049724,0.161521,0.003673,0.166390,1.000000,0.860000,0.200000,0.000000,0.000000,0.161521
967,-0.114830,-1.851772,-3.048060,0.161525,0.002175,0.078623,1.000000,0.860000,0.200000,0.000000,0.000000,0.161525
968,-0.116437,-1.851945,-3.047274,0.161524,0.001284,0.037811,1.000000,0.840000,0.200000,0.000000,0.000000,0.161524
969,-0.118043,-1.852110,-3.046895,0.161523,0.000759,0.018646,1.000000,0.840000,0.200000,0.000000,0.000000,0.161523
970,-0.119651,-1.852270,-3.046709,0.161521,0.000449,0.009452,1.000000,0.840000,0.200000,0.000000,0.000000,0.161521
971,-0.121258,-1.852428,-3.046614,0.161518,0.000266,0.004925,1.000000,0.840000,0.200000,0.000000,0.000000,0.161518
972,-0.122866,-1.852583,-3.046565,0.161516,0.000157,0.002633,1.000000,0.840000,0.200000,0.000000,0.000000,0.161516
973,-0.124474,-1.852738,-3.046539,0.161514,0.000093,0.001440,1.000000,0.820000,0.200000,0.000000,0.000000,0.161514
974,-0.126081,-1.852892,-3.046524,0.161512,0.000055,0.000803,1.000000,0.820000,0.200000,0.000000,0.000000,0.161512
975,-0.127689,-1.853046,-3.046516,0.161510,0.000033,0.000454,1.000000,0.820000,0.200000,0.000000,0.000000,0.161510
976,-0.129297,-1.853200,-3.046512,0.161507,0.000019,0.000260,1.000000,0.820000,0.200000,0.000000,0.000000,0.161507
977,-0.130905,-1.853354,-3.046509,0.161505,0.000012,0.000151,1.000000,0.820000,0.180000,0.000000,0.000000,0.161505
978,-0.132512,-1.853507,-3.046508,0.161503,0.000007,0.000088,1.000000,0.820000,0.180000,0.000000,0.000000,0.161503
979,-0.134120,-1.853660,-3.046507,0.161501,0.000004,0.000051,1.000000,0.820000,0.180000,0.000000,0.000000,0.161501
980,-0.135728,-1.853814,-3.046506,0.161498,0.000002,0.000030,1.000000,0.820000,0.180000,0.000000,0.000000,0.161498
981,-0.137336,-1.853967,-3.046506,0.161496,0.000001,0.000018,1.000000,0.820000,0.180000,0.000000,0.000000,0.161496
982,-0.138943,-1.854120,-3.046506,0.161494,0.000001,0.000010,1.000000,0.820000,0.180000,0.000000,0.000000,0.161494
983,-0.140551,-1.854274,-3.046506,0.161492,0.000001,0.000006,1.000000,0.820000,0.180000,0.000000,0.000000,0.161492
984,-0.142158,-1.854427,-3.046506,0.161490,0.000000,0.000004,1.000000,0.820000,0.180000,0.000000,0.000000,0.161490
985,-0.143766,-1.854580,-3.046506,0.161487,0.000000,0.000002,1.000000,0.820000,0.180000,0.000000,0.000000,0.161487
986,-0.145374,-1.854734,-3.046506,0.161485,0.000000,0.000001,1.000000,0.820000,0.180000,0.000000,0.000000,0.161485
987,-0.146981,-1.854887,-3.046506,0.161483,0.000000,0.000001,1.000000,0.820000,0.180000,0.000000,0.000000,0.161483
988,-0.148589,-1.855040,-3.046506,0.161481,0.000000,0.000000,1.000000,0.820000,0.180000,0.000000,0.000000,0.161481
989,-0.150196,-1.855194,-3.046506,0.161478,0.000000,0.000000,1.000000,0.800000,0.180000,-0.100000,-0.200000,0.161478
990,-0.151804,-1.855347,-3.046506,0.153399,-0.005314,-0.227281,1.000000,0.800000,0.180000,-0.200000,-0.200000,0.153399
991,-0.153336,-1.855440,-3.048778,0.138694,-0.008981,-0.354481,1.000000,0.820000,0.180000,0.000000,0.000000,0.138694
992,-0.154725,-1.855479,-3.052323,0.138724,-0.005160,-0.150902,1.000000,0.840000,0.180000,0.000000,0.000000,0.138724
993,-0.156111,-1.855551,-3.053832,0.138730,-0.002814,-0.063587,1.000000,0.840000,0.180000,0.000000,0.000000,0.138730
994,-0.157496,-1.855645,-3.054468,0.138730,-0.001512,-0.027834,1.000000,0.840000,0.180000,0.000000,0.000000,0.138730
995,-0.158879,-1.855750,-3.054746,0.138729,-0.000809,-0.012805,1.000000,0.840000,0.180000,0.000000,0.000000,0.138729
996,-0.160262,-1.855863,-3.054875,0.138727,-0.000432,-0.006160,1.000000,0.840000,0.180000,0.000000,0.000000,0.138727
997,-0.161644,-1.855978,-3.054936,0.138726,-0.000230,-0.003067,1.000000,0.840000,0.180000,0.000000,0.000000,0.138726
998,-0.163027,-1.856096,-3.054967,0.138724,-0.000123,-0.001564,1.000000,0.840000,0.180000,0.000000,0.000000,0.138724
999,-0.164409,-1.856215,-3.054982,0.138723,-0.000065,-0.000811,1.000000,0.840000,0.180000,0.000000,0.000000,0.138723
