step,x,y,mu,vx,vy,omega,lidar_l,lidar_c,lidar_r,throttle,steering,reward
0,0.641063,-1.926495,-2.686736,0.000000,0.000000,0.000000,0.180000,0.060000,0.040000,0.100000,-1.000000,0.000000
1,0.641063,-1.926495,-2.686736,0.007000,0.000000,0.000000,0.180000,0.060000,0.040000,0.100000,-1.000000,0.007000
2,0.641000,-1.926526,-2.686736,0.014000,0.000000,0.000000,0.180000,0.060000,0.040000,0.100000,-1.000000,0.014000
3,0.640875,-1.926588,-2.686736,0.012635,-0.005371,-0.229722,0.180000,0.060000,0.040000,0.100000,-1.000000,0.012635
4,0.640737,-1.926595,-2.689033,0.014456,-0.013642,-0.130547,0.200000,0.060000,0.040000,0.100000,-1.000000,0.014456
5,0.640548,-1.926535,-2.690338,0.018464,-0.007716,-0.594771,0.200000,0.060000,0.040000,0.100000,-1.000000,0.018464
6,0.640348,-1.926546,-2.696286,0.023814,-0.016534,-0.259800,0.200000,0.060000,0.040000,0.100000,-1.000000,0.023814
7,0.640062,-1.926500,-2.698884,0.026136,-0.012580,-0.726427,0.220000,0.060000,0.040000,0.100000,-1.000000,0.026136
8,0.639772,-1.926498,-2.706148,0.030956,-0.021285,-0.426882,0.220000,0.060000,0.040000,0.100000,-1.000000,0.030956
9,0.639401,-1.926436,-2.710417,0.033981,-0.017852,-0.826197,0.240000,0.060000,0.040000,0.100000,-1.000000,0.033981
10,0.639018,-1.926415,-2.718679,0.038344,-0.025797,-0.589363,0.260000,0.060000,0.040000,0.100000,-1.000000,0.038344
11,0.638562,-1.926338,-2.724573,0.041704,-0.023224,-0.926226,0.280000,0.060000,0.040000,0.100000,-1.000000,0.041704
12,0.638087,-1.926294,-2.733835,0.045867,-0.029787,-0.767228,0.340000,0.060000,0.040000,0.100000,-1.000000,0.045867
13,0.637548,-1.926203,-2.741507,0.049446,-0.028652,-1.019612,0.380000,0.060000,0.040000,0.100000,-1.000000,0.049446
14,0.636981,-1.926131,-2.751703,0.053473,-0.033471,-0.952181,0.480000,0.060000,0.040000,0.100000,-1.000000,0.053473
15,0.636359,-1.926025,-2.761225,0.057212,-0.033962,-1.113680,0.620000,0.060000,0.040000,0.100000,-1.000000,0.057212
16,0.635702,-1.925922,-2.772362,0.061152,-0.037174,-1.128214,0.960000,0.060000,0.040000,0.100000,-1.000000,0.061152
17,0.634997,-1.925796,-2.783644,0.064996,-0.038811,-1.224822,1.000000,0.060000,0.040000,0.100000,-1.000000,0.064996
18,0.634253,-1.925660,-2.795892,0.068903,-0.041150,-1.281770,1.000000,0.060000,0.040000,0.100000,-1.000000,0.068903
19,0.633465,-1.925507,-2.808710,0.072800,-0.043167,-1.353740,1.000000,0.060000,0.040000,0.100000,-1.000000,0.072800
20,0.632636,-1.925337,-2.822248,0.076713,-0.045245,-1.420158,1.000000,0.080000,0.040000,0.100000,-1.000000,0.076713
21,0.631765,-1.925148,-2.836449,0.080636,-0.047265,-1.487219,1.000000,0.080000,0.040000,0.100000,-1.000000,0.080636
22,0.630854,-1.924939,-2.851321,0.084568,-0.049253,-1.553404,1.000000,0.080000,0.040000,0.100000,-1.000000,0.084568
23,0.629903,-1.924709,-2.866855,0.088510,-0.051204,-1.618947,1.000000,0.080000,0.040000,0.100000,-1.000000,0.088510
24,0.628912,-1.924457,-2.883045,0.092462,-0.053116,-1.683782,1.000000,0.080000,0.040000,0.100000,-1.000000,0.092462
25,0.627883,-1.924180,-2.899883,0.096422,-0.054987,-1.747878,1.000000,0.100000,0.040000,0.100000,-1.000000,0.096422
26,0.626815,-1.923876,-2.917361,0.100391,-0.056815,-1.811200,1.000000,0.100000,0.040000,0.100000,-1.000000,0.100391
27,0.625710,-1.923546,-2.935473,0.104368,-0.058600,-1.873714,1.000000,0.120000,0.060000,0.100000,-1.000000,0.104368
28,0.624568,-1.923186,-2.954211,0.108353,-0.060338,-1.935386,1.000000,0.120000,0.060000,0.100000,-1.000000,0.108353
29,0.623391,-1.922795,-2.973564,0.112344,-0.062029,-1.996181,1.000000,0.140000,0.060000,0.100000,-0.900000,0.112344
30,0.622180,-1.922371,-2.993526,0.118638,-0.062491,-2.005589,1.000000,0.160000,0.060000,0.100000,-0.900000,0.118638
31,0.620914,-1.921928,-3.013582,0.124414,-0.063135,-2.038095,1.000000,0.180000,0.060000,0.100000,-0.900000,0.124414
32,0.619600,-1.921461,-3.033963,0.129861,-0.063977,-2.079639,1.000000,0.220000,0.060000,0.100000,-0.900000,0.129861
33,0.618240,-1.920964,-3.054759,0.135087,-0.064954,-2.125829,1.000000,0.280000,0.060000,0.100000,-0.800000,0.135087
34,0.616838,-1.920434,-3.076018,0.142428,-0.064394,-2.105477,1.000000,0.380000,0.060000,0.100000,-0.700000,0.142428
35,0.615374,-1.919885,-3.097072,0.151224,-0.062083,-2.024099,1.000000,0.560000,0.080000,0.100000,-0.500000,0.151224
36,0.613836,-1.919332,-3.117313,0.161808,-0.055817,-1.790142,1.000000,1.000000,0.080000,0.100000,0.100000,0.161808
37,0.612205,-1.918813,-3.135215,0.168850,-0.044085,-1.349385,1.000000,1.000000,0.080000,0.100000,0.100000,0.168850
38,0.610513,-1.918383,-3.148709,0.175526,-0.032767,-0.954519,1.000000,1.000000,0.080000,0.100000,0.100000,0.175526
39,0.608761,-1.918043,-3.158254,0.181990,-0.022414,-0.606010,1.000000,1.000000,0.080000,0.100000,0.100000,0.181990
40,0.606945,-1.917789,-3.164314,0.188391,-0.013557,-0.315855,1.000000,1.000000,0.100000,0.100000,0.100000,0.188391
41,0.605064,-1.917610,-3.167473,0.194850,-0.006603,-0.095869,1.000000,1.000000,0.100000,0.100000,0.100000,0.194850
42,0.603118,-1.917494,-3.168431,0.201428,-0.001584,0.055679,1.000000,1.000000,0.100000,0.100000,0.100000,0.201428
43,0.601105,-1.917424,-3.167874,0.208126,0.001856,0.154504,1.000000,1.000000,0.100000,0.100000,0.100000,0.208126
44,0.599024,-1.917388,-3.166329,0.214913,0.004176,0.218779,1.000000,1.000000,0.100000,0.100000,0.100000,0.214913
45,0.596875,-1.917376,-3.164142,0.221762,0.005751,0.262000,1.000000,1.000000,0.100000,0.100000,0.100000,0.221762
46,0.594656,-1.917384,-3.161522,0.228650,0.006840,0.292607,1.000000,1.000000,0.100000,0.100000,0.100000,0.228650
47,0.592369,-1.917407,-3.158596,0.235564,0.007609,0.315593,1.000000,1.000000,0.080000,0.100000,0.100000,0.235564
48,0.590012,-1.917443,-3.155440,0.242493,0.008165,0.333889,1.000000,1.000000,0.080000,0.100000,0.100000,0.242493
49,0.587586,-1.917491,-3.152101,0.249434,0.008574,0.349235,1.000000,1.000000,0.080000,0.100000,0.100000,0.249434
50,0.585091,-1.917550,-3.148608,0.256381,0.008883,0.362685,1.000000,1.000000,0.080000,0.100000,0.100000,0.256381
51,0.582527,-1.917621,-3.144982,0.263332,0.009118,0.374886,1.000000,1.000000,0.080000,0.100000,0.100000,0.263332
52,0.579893,-1.917703,-3.141233,0.270285,0.009300,0.386248,1.000000,1.000000,0.080000,0.100000,0.100000,0.270285
53,0.577190,-1.917797,-3.137370,0.277240,0.009441,0.397030,1.000000,1.000000,0.080000,0.100000,0.100000,0.277240
54,0.574418,-1.917904,-3.133400,0.284195,0.009548,0.407403,1.000000,1.000000,0.080000,0.100000,0.100000,0.284195
55,0.571577,-1.918022,-3.129326,0.291149,0.009628,0.417479,1.000000,1.000000,0.080000,0.100000,0.100000,0.291149
56,0.568667,-1.918154,-3.125151,0.298104,0.009685,0.427334,1.000000,1.000000,0.080000,0.100000,0.100000,0.298104
57,0.565688,-1.918300,-3.120878,0.305057,0.009720,0.437018,1.000000,1.000000,0.080000,0.100000,0.100000,0.305057
58,0.562640,-1.918461,-3.116508,0.312009,0.009737,0.446567,1.000000,1.000000,0.080000,0.100000,0.100000,0.312009
59,0.559524,-1.918636,-3.112042,0.318959,0.009735,0.456003,1.000000,0.860000,0.080000,0.100000,-0.200000,0.318959
60,0.556338,-1.918828,-3.107482,0.324661,0.002270,0.146882,1.000000,0.740000,0.080000,0.100000,-0.400000,0.324661
61,0.553094,-1.918961,-3.106013,0.328391,-0.005658,-0.196625,1.000000,0.700000,0.080000,0.100000,-0.500000,0.328391
62,0.549811,-1.919021,-3.107979,0.331220,-0.012736,-0.519074,1.000000,0.740000,0.080000,0.100000,-0.500000,0.331220
63,0.546496,-1.919005,-3.113170,0.334272,-0.018802,-0.810560,1.000000,0.880000,0.080000,0.100000,-0.100000,0.334272
64,0.543149,-1.918912,-3.121276,0.341494,-0.016106,-0.736996,1.000000,1.000000,0.080000,0.100000,0.100000,0.341494
65,0.539732,-1.918821,-3.128646,0.348043,-0.008827,-0.458299,1.000000,1.000000,0.080000,0.100000,0.100000,0.348043
66,0.536250,-1.918778,-3.133229,0.354612,-0.003254,-0.231679,1.000000,1.000000,0.080000,0.100000,0.100000,0.354612
67,0.532704,-1.918775,-3.135545,0.361235,0.000871,-0.051653,1.000000,1.000000,0.080000,0.100000,0.100000,0.361235
68,0.529092,-1.918805,-3.136062,0.367920,0.003837,0.089523,1.000000,1.000000,0.080000,0.100000,0.100000,0.367920
69,0.525413,-1.918864,-3.135167,0.374663,0.005909,0.199741,1.000000,1.000000,0.080000,0.100000,0.100000,0.374663
70,0.521667,-1.918947,-3.133169,0.381453,0.007309,0.285917,1.000000,1.000000,0.080000,0.100000,0.100000,0.381453
71,0.517853,-1.919052,-3.130310,0.388281,0.008210,0.353673,1.000000,1.000000,0.080000,0.100000,0.100000,0.388281
72,0.513971,-1.919178,-3.126773,0.395136,0.008745,0.407396,1.000000,1.000000,0.080000,0.100000,0.100000,0.395136
73,0.510022,-1.919324,-3.122699,0.402011,0.009012,0.450444,1.000000,1.000000,0.080000,0.100000,0.100000,0.402011
74,0.506004,-1.919490,-3.118195,0.408899,0.009082,0.485366,1.000000,1.000000,0.080000,0.100000,0.100000,0.408899
75,0.501918,-1.919677,-3.113341,0.415795,0.009008,0.514089,1.000000,0.860000,0.080000,0.100000,-0.200000,0.415795
76,0.497765,-1.919884,-3.108200,0.421539,0.001169,0.210481,1.000000,0.740000,0.080000,0.100000,-0.400000,0.421539
77,0.493552,-1.920037,-3.106096,0.425270,-0.006952,-0.141724,1.000000,0.680000,0.080000,0.100000,-0.500000,0.425270
78,0.489299,-1.920118,-3.107513,0.428066,-0.013850,-0.479291,1.000000,0.720000,0.080000,0.100000,-0.500000,0.428066
79,0.485017,-1.920126,-3.112306,0.431043,-0.019414,-0.790624,1.000000,0.820000,0.080000,0.100000,-0.200000,0.431043
80,0.480702,-1.920058,-3.120212,0.437575,-0.019523,-0.892615,1.000000,1.000000,0.080000,0.100000,0.100000,0.437575
81,0.476323,-1.919956,-3.129138,0.444184,-0.010927,-0.621211,1.000000,1.000000,0.080000,0.100000,0.100000,0.444184
82,0.471881,-1.919902,-3.135350,0.450771,-0.004271,-0.387285,1.000000,1.000000,0.080000,0.100000,0.100000,0.450771
83,0.467373,-1.919888,-3.139223,0.457380,0.000718,-0.189638,1.000000,1.000000,0.080000,0.100000,0.100000,0.457380
84,0.462799,-1.919906,-3.141119,0.464033,0.004325,-0.024801,1.000000,1.000000,0.080000,0.100000,0.100000,0.464033
85,0.458159,-1.919951,-3.141367,0.470737,0.006819,0.111649,1.000000,1.000000,0.080000,0.100000,0.100000,0.470737
86,0.453451,-1.920020,-3.140251,0.477488,0.008438,0.224203,1.000000,1.000000,0.080000,0.100000,0.100000,0.477488
87,0.448676,-1.920111,-3.138009,0.484278,0.009377,0.316972,1.000000,1.000000,0.080000,0.100000,0.100000,0.484278
88,0.443834,-1.920222,-3.134839,0.491100,0.009796,0.393519,1.000000,1.000000,0.080000,0.100000,0.100000,0.491100
89,0.438924,-1.920353,-3.130904,0.497944,0.009819,0.456839,1.000000,1.000000,0.080000,0.100000,0.100000,0.497944
90,0.433946,-1.920505,-3.126336,0.504803,0.009545,0.509405,1.000000,1.000000,0.080000,0.100000,0.100000,0.504803
91,0.428900,-1.920677,-3.121242,0.511671,0.009051,0.553242,1.000000,1.000000,0.080000,0.100000,0.100000,0.511671
92,0.423786,-1.920872,-3.115709,0.518542,0.008394,0.589999,1.000000,0.920000,0.080000,0.100000,-0.100000,0.518542
93,0.418604,-1.921090,-3.109809,0.525142,0.001809,0.372553,1.000000,0.740000,0.080000,0.100000,-0.400000,0.525142
94,0.413356,-1.921275,-3.106084,0.528848,-0.007216,0.007897,1.000000,0.660000,0.080000,0.100000,-0.500000,0.528848
95,0.408069,-1.921391,-3.106005,0.531590,-0.014525,-0.347107,1.000000,0.660000,0.080000,0.100000,-0.500000,0.531590
96,0.402751,-1.921434,-3.109476,0.534480,-0.020053,-0.680560,1.000000,0.720000,0.080000,0.100000,-0.500000,0.534480
97,0.397402,-1.921406,-3.116281,0.537551,-0.023966,-0.989372,1.000000,0.920000,0.080000,0.100000,-0.100000,0.537551
98,0.392023,-1.921302,-3.126175,0.544757,-0.019272,-0.965609,1.000000,1.000000,0.080000,0.100000,0.100000,0.544757
99,0.386573,-1.921193,-3.135831,0.551404,-0.009688,-0.708565,1.000000,1.000000,0.080000,0.100000,0.100000,0.551404
100,0.381058,-1.921128,-3.142917,0.558007,-0.002237,-0.479579,1.000000,1.000000,0.080000,0.100000,0.100000,0.558007
101,0.375478,-1.921099,-3.147713,0.564615,0.003357,-0.278863,1.000000,1.000000,0.080000,0.100000,0.100000,0.564615
102,0.369832,-1.921098,-3.150501,0.571256,0.007377,-0.104865,1.000000,1.000000,0.080000,0.100000,0.100000,0.571256
103,0.364119,-1.921120,-3.151550,0.577944,0.010092,0.044881,1.000000,1.000000,0.080000,0.100000,0.100000,0.577944
104,0.358339,-1.921164,-3.151101,0.584677,0.011743,0.173159,1.000000,1.000000,0.080000,0.100000,0.100000,0.584677
105,0.352491,-1.921226,-3.149369,0.591451,0.012538,0.282736,1.000000,1.000000,0.080000,0.100000,0.100000,0.591451
106,0.346576,-1.921305,-3.146542,0.598259,0.012654,0.376183,1.000000,1.000000,0.080000,0.100000,0.100000,0.598259
107,0.340593,-1.921402,-3.142780,0.605091,0.012236,0.455808,1.000000,1.000000,0.080000,0.100000,0.100000,0.605091
108,0.334542,-1.921517,-3.138222,0.611938,0.011403,0.523643,1.000000,1.000000,0.080000,0.100000,0.100000,0.611938
109,0.328423,-1.921652,-3.132986,0.618792,0.010253,0.581453,1.000000,1.000000,0.080000,0.100000,0.100000,0.618792
110,0.322236,-1.921808,-3.127171,0.625647,0.008863,0.630761,1.000000,1.000000,0.080000,0.100000,0.100000,0.625647
111,0.315981,-1.921986,-3.120864,0.632497,0.007296,0.672873,1.000000,1.000000,0.080000,0.100000,0.100000,0.632497
112,0.309659,-1.922191,-3.114135,0.639335,0.005602,0.708904,1.000000,0.820000,0.080000,0.100000,-0.200000,0.639335
113,0.303270,-1.922422,-3.107046,0.645108,-0.004062,0.402787,1.000000,0.640000,0.060000,0.100000,-0.500000,0.645108
114,0.296821,-1.922604,-3.103018,0.647757,-0.013612,0.021665,1.000000,0.580000,0.060000,0.100000,-0.500000,0.647757
115,0.290343,-1.922718,-3.102801,0.650504,-0.020714,-0.345058,1.000000,0.580000,0.060000,0.100000,-0.500000,0.650504
116,0.283835,-1.922763,-3.106252,0.653406,-0.025544,-0.692504,1.000000,0.620000,0.060000,0.100000,-0.500000,0.653406
117,0.277296,-1.922739,-3.113177,0.656489,-0.028305,-1.016978,1.000000,0.780000,0.060000,0.100000,-0.400000,0.656489
118,0.270726,-1.922643,-3.123347,0.660904,-0.028612,-1.290617,1.000000,1.000000,0.080000,0.100000,0.100000,0.660904
119,0.264112,-1.922477,-3.136253,0.667695,-0.015417,-1.025096,1.000000,1.000000,0.080000,0.100000,0.100000,0.667695
120,0.257435,-1.922358,-3.146504,0.674345,-0.004823,-0.778854,1.000000,1.000000,0.080000,0.100000,0.100000,0.674345
121,0.250692,-1.922277,-3.154292,0.680938,0.003421,-0.554620,1.000000,1.000000,0.080000,0.100000,0.100000,0.680938
122,0.243882,-1.922225,-3.159839,0.687530,0.009591,-0.353075,1.000000,1.000000,0.080000,0.100000,0.100000,0.687530
123,0.237007,-1.922195,-3.163369,0.694155,0.013969,-0.173572,1.000000,1.000000,0.080000,0.100000,0.100000,0.694155
124,0.230064,-1.922184,-3.165105,0.700827,0.016823,-0.014720,1.000000,1.000000,0.080000,0.100000,0.100000,0.700827
125,0.223053,-1.922187,-3.165252,0.707550,0.018398,0.125213,1.000000,1.000000,0.080000,0.100000,0.100000,0.707550
126,0.215975,-1.922204,-3.164000,0.714321,0.018912,0.248051,1.000000,1.000000,0.080000,0.100000,0.100000,0.714321
127,0.208830,-1.922233,-3.161520,0.721131,0.018557,0.355577,1.000000,1.000000,0.080000,0.100000,0.100000,0.721131
128,0.201616,-1.922275,-3.157964,0.727969,0.017496,0.449474,1.000000,1.000000,0.080000,0.100000,0.100000,0.727969
129,0.194335,-1.922330,-3.153469,0.734825,0.015869,0.531293,1.000000,1.000000,0.080000,0.100000,0.100000,0.734825
130,0.186985,-1.922402,-3.148156,0.741687,0.013795,0.602451,1.000000,1.000000,0.080000,0.100000,0.100000,0.741687
131,0.179567,-1.922491,-3.142132,0.748546,0.011371,0.664232,1.000000,1.000000,0.080000,0.100000,0.100000,0.748546
132,0.172082,-1.922601,-3.135489,0.755393,0.008682,0.717791,1.000000,1.000000,0.080000,0.100000,0.100000,0.755393
133,0.164529,-1.922734,-3.128311,0.762221,0.005794,0.764164,1.000000,1.000000,0.080000,0.100000,0.100000,0.762221
134,0.156908,-1.922893,-3.120670,0.769022,0.002764,0.804274,1.000000,1.000000,0.060000,0.100000,0.100000,0.769022
135,0.149220,-1.923081,-3.112627,0.775793,-0.000363,0.838940,1.000000,0.760000,0.060000,0.100000,-0.500000,0.775793
136,0.141465,-1.923302,-3.104238,0.778395,-0.013594,0.439262,1.000000,0.580000,0.060000,0.100000,-0.500000,0.778395
137,0.133681,-1.923457,-3.099845,0.781018,-0.023598,0.045687,1.000000,0.520000,0.060000,0.100000,-0.600000,0.781018
138,0.125868,-1.923547,-3.099388,0.782744,-0.030480,-0.333269,1.000000,0.520000,0.060000,0.100000,-0.600000,0.782744
139,0.118035,-1.923573,-3.102721,0.784634,-0.034564,-0.697109,1.000000,0.560000,0.060000,0.100000,-0.500000,0.784634
140,0.110181,-1.923533,-3.109692,0.787765,-0.036017,-1.039235,1.000000,0.680000,0.060000,0.100000,-0.500000,0.787765
141,0.102296,-1.923424,-3.120084,0.791082,-0.035086,-1.356417,1.000000,1.000000,0.060000,0.100000,0.100000,0.791082
142,0.094379,-1.923243,-3.133649,0.797976,-0.019508,-1.110811,1.000000,1.000000,0.080000,0.100000,0.100000,0.797976
143,0.086398,-1.923112,-3.144757,0.804674,-0.006752,-0.877323,1.000000,1.000000,0.080000,0.100000,0.100000,0.804674
144,0.078352,-1.923019,-3.153530,0.811274,0.003397,-0.659288,1.000000,1.000000,0.080000,0.100000,0.100000,0.811274
145,0.070239,-1.922956,-3.160123,0.817844,0.011190,-0.458322,1.000000,1.000000,0.080000,0.100000,0.100000,0.817844
146,0.062060,-1.922916,-3.164706,0.824430,0.016891,-0.274818,1.000000,1.000000,0.080000,0.100000,0.100000,0.824430
147,0.053814,-1.922895,-3.167454,0.831058,0.020759,-0.108395,1.000000,1.000000,0.080000,0.100000,0.100000,0.831058
148,0.045501,-1.922887,-3.168538,0.837738,0.023040,0.041772,1.000000,1.000000,0.080000,0.100000,0.100000,0.837738
149,0.037120,-1.922892,-3.168120,0.844471,0.023962,0.176720,1.000000,1.000000,0.080000,0.100000,0.100000,0.844471
150,0.028672,-1.922907,-3.166353,0.851253,0.023728,0.297566,1.000000,1.000000,0.080000,0.100000,0.100000,0.851253
151,0.020157,-1.922934,-3.163377,0.858072,0.022524,0.405436,1.000000,1.000000,0.080000,0.100000,0.100000,0.858072
152,0.011573,-1.922972,-3.159323,0.864917,0.020509,0.501423,1.000000,0.980000,0.080000,0.100000,0.100000,0.864917
153,0.002922,-1.923024,-3.154309,0.871774,0.017828,0.586573,1.000000,0.980000,0.080000,0.100000,0.100000,0.871774
154,-0.005798,-1.923091,-3.148443,0.878631,0.014604,0.661878,1.000000,0.960000,0.080000,0.100000,0.000000,0.878631
155,-0.014585,-1.923177,-3.141824,0.885661,0.007884,0.597421,1.000000,0.960000,0.080000,0.100000,0.000000,0.885661
156,-0.023441,-1.923254,-3.135850,0.892642,0.002169,0.537544,1.000000,0.960000,0.080000,0.100000,0.000000,0.892642
157,-0.032368,-1.923327,-3.130475,0.899585,-0.002649,0.482185,1.000000,0.940000,0.080000,0.100000,0.000000,0.899585
158,-0.041363,-1.923400,-3.125653,0.906503,-0.006673,0.431197,1.000000,0.940000,0.060000,0.100000,0.000000,0.906503
159,-0.050428,-1.923478,-3.121341,0.913404,-0.009995,0.384381,1.000000,0.920000,0.060000,0.100000,-0.100000,0.913404
160,-0.059562,-1.923563,-3.117497,0.919993,-0.015670,0.214445,1.000000,0.880000,0.060000,0.100000,-0.100000,0.919993
161,-0.068763,-1.923628,-3.115353,0.926617,-0.019488,0.058440,1.000000,0.820000,0.060000,0.100000,-0.200000,0.926617
162,-0.078031,-1.923676,-3.114768,0.932537,-0.024154,-0.190035,1.000000,0.800000,0.060000,0.100000,-0.400000,0.932537
163,-0.087360,-1.923685,-3.116669,0.936423,-0.029025,-0.534057,1.000000,0.860000,0.060000,0.100000,-0.200000,0.936423
164,-0.096729,-1.923628,-3.122009,0.942637,-0.027878,-0.736982,1.000000,0.900000,0.060000,0.100000,-0.100000,0.942637
165,-0.106159,-1.923534,-3.129379,0.949620,-0.022265,-0.805840,1.000000,0.880000,0.060000,0.100000,-0.100000,0.949620
166,-0.115657,-1.923427,-3.137437,0.956563,-0.016357,-0.866182,1.000000,0.880000,0.080000,0.100000,-0.100000,0.956563
167,-0.125223,-1.923304,-3.146099,0.963453,-0.010237,-0.918825,1.000000,0.860000,0.080000,0.100000,-0.200000,0.963453
168,-0.134857,-1.923158,-3.155287,0.969558,-0.006583,-1.076085,1.000000,0.860000,0.080000,0.100000,-0.200000,0.969558
169,-0.144551,-1.922959,-3.166048,0.975643,-0.001635,-1.217888,1.000000,1.000000,0.080000,0.100000,0.100000,0.975643
170,-0.154304,-1.922704,-3.178227,0.982183,0.012885,-0.982736,1.000000,1.000000,0.080000,0.100000,0.100000,0.982183
171,-0.164124,-1.922473,-3.188055,0.988632,0.024387,-0.761303,1.000000,1.000000,0.080000,0.100000,0.100000,0.988632
172,-0.174011,-1.922258,-3.195668,0.995071,0.033140,-0.554837,1.000000,1.000000,0.080000,0.100000,0.100000,0.995071
173,-0.183965,-1.922051,-3.201216,1.001552,0.039418,-0.363644,1.000000,1.000000,0.080000,0.100000,0.100000,1.001552
174,-0.193986,-1.921848,-3.204852,1.008107,0.043490,-0.187463,1.000000,1.000000,0.080000,0.100000,0.100000,1.008107
175,-0.204074,-1.921644,-3.206727,1.014748,0.045616,-0.025723,1.000000,1.000000,0.100000,0.100000,0.100000,1.014748
176,-0.214230,-1.921439,-3.206984,1.021478,0.046035,0.122281,1.000000,1.000000,0.100000,0.100000,0.100000,1.021478
177,-0.224453,-1.921231,-3.205761,1.028287,0.044969,0.257298,1.000000,1.000000,0.100000,0.100000,0.100000,1.028287
178,-0.234744,-1.921020,-3.203188,1.035162,0.042620,0.380069,1.000000,1.000000,0.100000,0.100000,0.100000,1.035162
179,-0.245102,-1.920808,-3.199388,1.042085,0.039173,0.491316,1.000000,1.000000,0.100000,0.100000,0.100000,1.042085
180,-0.255528,-1.920598,-3.194475,1.049035,0.034794,0.591736,1.000000,1.000000,0.100000,0.100000,0.100000,1.049035
181,-0.266022,-1.920391,-3.188557,1.055992,0.029633,0.682008,1.000000,1.000000,0.080000,0.100000,0.100000,1.055992
182,-0.276584,-1.920191,-3.181737,1.062935,0.023826,0.762801,1.000000,1.000000,0.080000,0.100000,0.100000,1.062935
183,-0.287215,-1.920002,-3.174109,1.069847,0.017494,0.834779,1.000000,1.000000,0.080000,0.100000,0.100000,1.069847
184,-0.297913,-1.919829,-3.165761,1.076709,0.010743,0.898598,1.000000,1.000000,0.080000,0.100000,0.100000,1.076709
185,-0.308680,-1.919676,-3.156775,1.083506,0.003667,0.954911,1.000000,0.720000,0.080000,0.100000,-0.400000,1.083506
186,-0.319514,-1.919549,-3.147226,1.087149,-0.013588,0.579339,1.000000,0.720000,0.080000,0.100000,-0.500000,1.087149
187,-0.330385,-1.919352,-3.141433,1.089693,-0.026691,0.194721,1.000000,0.700000,0.080000,0.100000,-0.500000,1.089693
188,-0.341282,-1.919086,-3.139486,1.092323,-0.035499,-0.185745,1.000000,0.700000,0.080000,0.100000,-0.500000,1.092323
189,-0.352205,-1.918754,-3.141343,1.095123,-0.040176,-0.556310,1.000000,0.680000,0.080000,0.100000,-0.500000,1.095123
190,-0.363157,-1.918355,-3.146906,1.098124,-0.040944,-0.911942,1.000000,0.680000,0.080000,0.100000,-0.500000,1.098124
191,-0.374136,-1.917888,-3.156026,1.101308,-0.038072,-1.248317,1.000000,0.680000,0.080000,0.100000,-0.500000,1.101308
192,-0.385142,-1.917348,-3.168509,1.104615,-0.031863,-1.561864,1.000000,0.940000,0.100000,0.100000,0.000000,1.104615
193,-0.396176,-1.916732,-3.184127,1.112008,-0.013094,-1.441378,1.000000,0.940000,0.100000,0.100000,0.000000,1.112008
194,-0.407280,-1.916128,-3.198541,1.119091,0.003396,-1.325220,1.000000,0.920000,0.100000,0.100000,-0.100000,1.119091
195,-0.418455,-1.915525,-3.211793,1.125730,0.014719,-1.345041,1.000000,1.000000,0.120000,0.100000,0.100000,1.125730
196,-0.429695,-1.914883,-3.225244,1.132067,0.031654,-1.107117,1.000000,0.980000,0.120000,0.100000,0.100000,1.132067
197,-0.441002,-1.914252,-3.236315,1.138308,0.045164,-0.881555,1.000000,1.000000,0.120000,0.100000,0.100000,1.138308
198,-0.452377,-1.913625,-3.245131,1.144549,0.055522,-0.669506,1.000000,1.000000,0.120000,0.100000,0.100000,1.144549
199,-0.463819,-1.912994,-3.251826,1.150857,0.063013,-0.471269,1.000000,1.000000,0.140000,0.100000,0.100000,1.150857
200,-0.475327,-1.912355,-3.256538,1.157272,0.067917,-0.286635,1.000000,1.000000,0.140000,0.100000,0.100000,1.157272
201,-0.486901,-1.911702,-3.259405,1.163814,0.070501,-0.115138,1.000000,1.000000,0.140000,0.100000,0.100000,1.163814
202,-0.498541,-1.911034,-3.260556,1.170487,0.071016,0.043787,1.000000,1.000000,0.140000,0.100000,0.100000,1.170487
203,-0.510248,-1.910350,-3.260118,1.177283,0.069694,0.190712,1.000000,1.000000,0.140000,0.100000,0.100000,1.177283
204,-0.522020,-1.909650,-3.258211,1.184186,0.066754,0.326176,1.000000,1.000000,0.160000,0.100000,0.100000,1.184186
205,-0.533859,-1.908935,-3.254949,1.191174,0.062396,0.450672,1.000000,0.980000,0.160000,0.100000,0.100000,1.191174
206,-0.545765,-1.908208,-3.250443,1.198221,0.056805,0.564657,1.000000,0.980000,0.160000,0.100000,0.100000,1.198221
207,-0.557738,-1.907471,-3.244796,1.205299,0.050154,0.668560,1.000000,0.960000,0.140000,0.100000,0.000000,1.205299
208,-0.569779,-1.906728,-3.238110,1.212511,0.039535,0.631723,1.000000,0.880000,0.140000,0.100000,-0.100000,1.212511
209,-0.581886,-1.905953,-3.231793,1.219212,0.027129,0.476927,1.000000,0.860000,0.140000,0.100000,-0.200000,1.219212
210,-0.594053,-1.905125,-3.227024,1.225008,0.015044,0.237960,1.000000,0.860000,0.140000,0.100000,-0.200000,1.225008
211,-0.606271,-1.904230,-3.224644,1.230767,0.006264,0.005490,1.000000,0.840000,0.140000,0.100000,-0.200000,1.230767
212,-0.618541,-1.903271,-3.224589,1.236540,0.000609,-0.218022,1.000000,0.840000,0.160000,0.100000,-0.200000,1.236540
213,-0.630865,-1.902252,-3.226770,1.242350,-0.002131,-0.430763,1.000000,0.820000,0.160000,0.100000,-0.200000,1.242350
214,-0.643241,-1.901174,-3.231077,1.248199,-0.002184,-0.631456,1.000000,0.820000,0.160000,0.100000,-0.200000,1.248199
215,-0.655671,-1.900037,-3.237392,1.254072,0.000215,-0.819256,1.000000,0.800000,0.160000,0.100000,-0.400000,1.254072
216,-0.668155,-1.898839,-3.245584,1.257801,0.002333,-1.100292,1.000000,0.880000,0.180000,0.100000,-0.100000,1.257801
217,-0.680667,-1.897557,-3.256587,1.264409,0.012817,-1.148247,1.000000,0.880000,0.200000,0.000000,-0.100000,1.264409
218,-0.693243,-1.896233,-3.268070,1.263872,0.023458,-1.189968,1.000000,0.860000,0.200000,0.000000,-0.200000,1.263872
219,-0.705810,-1.894872,-3.279969,1.262416,0.031693,-1.328301,1.000000,0.860000,0.220000,0.100000,-0.200000,1.262416
220,-0.718357,-1.893444,-3.293252,1.267804,0.041261,-1.453651,1.000000,0.840000,0.240000,0.000000,-0.200000,1.267804
221,-0.730952,-1.891937,-3.307789,1.265993,0.052062,-1.567033,1.000000,0.840000,0.260000,0.000000,-0.200000,1.265993
222,-0.743524,-1.890356,-3.323459,1.263942,0.063803,-1.668407,1.000000,0.820000,0.300000,0.000000,-0.200000,1.263942
223,-0.756070,-1.888697,-3.340143,1.261615,0.076305,-1.758493,1.000000,0.860000,0.340000,0.100000,-0.200000,1.261615
224,-0.768589,-1.886957,-3.357728,1.265981,0.089409,-1.838111,1.000000,0.860000,0.360000,0.000000,-0.200000,1.265981
225,-0.781146,-1.885115,-3.376109,1.263013,0.103123,-1.908843,1.000000,0.840000,0.340000,0.100000,-0.200000,1.263013
226,-0.793670,-1.883183,-3.395198,1.266687,0.117185,-1.970811,1.000000,0.840000,0.340000,0.000000,-0.200000,1.266687
227,-0.806226,-1.881140,-3.414906,1.262985,0.131647,-2.025620,1.000000,0.880000,0.320000,0.100000,-0.100000,1.262985
228,-0.818742,-1.878998,-3.435162,1.266735,0.148165,-1.992134,1.000000,0.880000,0.320000,0.000000,-0.100000,1.266735
229,-0.831296,-1.876751,-3.455084,1.263168,0.163778,-1.960347,1.000000,0.860000,0.540000,0.000000,-0.200000,1.263168
230,-0.843817,-1.874413,-3.474687,1.258449,0.176694,-2.002428,1.000000,0.860000,0.580000,0.100000,-0.100000,1.258449
231,-0.856288,-1.871969,-3.494711,1.261247,0.191325,-1.969986,1.000000,0.860000,0.560000,0.100000,-0.100000,1.261247
232,-0.868784,-1.869402,-3.514411,1.263789,0.205183,-1.939600,1.000000,0.900000,0.560000,0.000000,-0.100000,1.263789
233,-0.881301,-1.866710,-3.533807,1.259097,0.218329,-1.911160,0.560000,0.900000,0.620000,0.100000,0.000000,1.259097
234,-0.893770,-1.863914,-3.552919,1.261789,0.232848,-1.790480,0.540000,0.880000,0.620000,0.100000,0.000000,1.261789
235,-0.906267,-1.861004,-3.570824,1.264484,0.245435,-1.679352,0.540000,0.880000,0.600000,0.000000,-0.100000,1.264484
236,-0.918786,-1.857973,-3.587617,1.259584,0.254286,-1.661909,0.520000,0.880000,0.680000,0.100000,0.000000,1.259584
237,-0.931246,-1.854834,-3.604236,1.262222,0.264552,-1.562261,0.520000,0.880000,0.660000,0.100000,0.000000,1.262222
238,-0.943722,-1.851567,-3.619859,1.264953,0.273314,-1.469286,0.500000,0.880000,0.660000,0.100000,0.000000,1.264953
239,-0.956210,-1.848172,-3.634552,1.267801,0.280708,-1.382070,0.500000,0.860000,0.660000,0.100000,0.000000,1.267801
240,-0.968707,-1.844645,-3.648372,1.270784,0.286845,-1.299839,0.480000,0.860000,0.640000,0.100000,-0.100000,1.270784
241,-0.981210,-1.840985,-3.661371,1.273215,0.290116,-1.295091,0.480000,0.860000,0.640000,0.100000,-0.100000,1.273215
242,-0.993702,-1.837179,-3.674322,1.275614,0.293305,-1.290582,0.460000,0.860000,0.660000,0.100000,0.000000,1.275614
243,-1.006180,-1.833227,-3.687227,1.278690,0.298096,-1.214472,0.460000,0.840000,0.660000,0.100000,0.000000,1.278690
244,-1.018657,-1.829140,-3.699372,1.281930,0.301842,-1.141960,0.440000,0.840000,0.640000,0.100000,-0.100000,1.281930
245,-1.031131,-1.824915,-3.710792,1.284623,0.302997,-1.141836,0.440000,0.840000,0.640000,0.100000,-0.100000,1.284623
246,-1.043585,-1.820544,-3.722210,1.287302,0.304171,-1.141777,0.420000,0.820000,0.640000,0.100000,-0.100000,1.287302
247,-1.056017,-1.816026,-3.733628,1.289966,0.305364,-1.141783,0.420000,0.820000,0.620000,0.100000,-0.100000,1.289966
248,-1.068425,-1.811361,-3.745046,1.292616,0.306578,-1.141851,0.420000,0.820000,0.620000,0.100000,-0.100000,1.292616
249,-1.080808,-1.806550,-3.756464,1.295250,0.307813,-1.141978,0.400000,0.820000,0.600000,0.000000,-0.100000,1.295250
250,-1.093164,-1.801592,-3.767884,1.290869,0.309068,-1.142162,0.400000,0.800000,0.640000,0.100000,-0.100000,1.290869
251,-1.105434,-1.796530,-3.779306,1.293471,0.310234,-1.142251,0.400000,0.800000,0.640000,0.100000,-0.100000,1.293471
252,-1.117674,-1.791322,-3.790728,1.296059,0.311421,-1.142397,0.380000,0.800000,0.620000,0.100000,-0.100000,1.296059
253,-1.129881,-1.785968,-3.802152,1.298631,0.312629,-1.142600,0.380000,0.800000,0.620000,0.100000,-0.100000,1.298631
254,-1.142054,-1.780469,-3.813578,1.301188,0.313859,-1.142856,0.360000,0.780000,0.600000,0.000000,-0.200000,1.301188
255,-1.154190,-1.774825,-3.825007,1.295803,0.314206,-1.181885,0.360000,0.780000,0.600000,0.000000,-0.200000,1.295803
256,-1.166222,-1.769079,-3.836826,1.290292,0.314969,-1.219778,0.360000,0.780000,0.600000,0.000000,-0.200000,1.290292
257,-1.178148,-1.763232,-3.849023,1.284653,0.316122,-1.256505,0.340000,0.760000,0.580000,0.000000,-0.200000,1.284653
258,-1.189966,-1.757286,-3.861588,1.278884,0.317640,-1.292044,0.340000,0.760000,0.620000,0.100000,-0.200000,1.278884
259,-1.201676,-1.751242,-3.874509,1.279981,0.319496,-1.326384,0.320000,0.760000,0.620000,0.100000,-0.200000,1.279981
260,-1.213326,-1.745053,-3.887773,1.280944,0.321781,-1.359878,0.320000,0.760000,0.600000,0.000000,-0.200000,1.280944
261,-1.224917,-1.738720,-3.901371,1.274768,0.324478,-1.392499,1.000000,0.760000,0.600000,0.000000,-0.200000,1.274768
262,-1.236393,-1.732292,-3.915296,1.268446,0.327448,-1.423889,0.300000,0.760000,0.600000,0.000000,-0.200000,1.268446
263,-1.247755,-1.725771,-3.929535,1.261978,0.330666,-1.454072,1.000000,0.740000,0.580000,0.100000,-0.200000,1.261978
264,-1.259000,-1.719157,-3.944076,1.262361,0.334108,-1.483079,1.000000,0.740000,0.580000,0.100000,-0.200000,1.262361
265,-1.270175,-1.712401,-3.958907,1.262594,0.337878,-1.511260,1.000000,0.740000,0.580000,0.100000,-0.200000,1.262594
266,-1.281278,-1.705505,-3.974019,1.262673,0.341961,-1.538622,1.000000,0.740000,0.560000,0.100000,-0.200000,1.262673
267,-1.292305,-1.698468,-3.989406,1.262593,0.346339,-1.565176,1.000000,0.740000,0.560000,0.100000,-0.200000,1.262593
268,-1.303256,-1.691292,-4.005057,1.262349,0.350999,-1.590938,1.000000,0.740000,0.560000,0.100000,-0.200000,1.262349
269,-1.314127,-1.683978,-4.020967,1.261938,0.355924,-1.615929,1.000000,0.740000,0.560000,0.100000,-0.200000,1.261938
270,-1.324915,-1.676526,-4.037126,1.261355,0.361100,-1.640172,1.000000,0.740000,0.540000,0.100000,-0.200000,1.261355
271,-1.335618,-1.668938,-4.053528,1.260596,0.366513,-1.663693,1.000000,0.740000,0.540000,0.100000,-0.200000,1.260596
272,-1.346234,-1.661214,-4.070165,1.259658,0.372149,-1.686523,1.000000,0.740000,0.540000,0.100000,-0.200000,1.259658
273,-1.356759,-1.653357,-4.087030,1.258535,0.377994,-1.708693,1.000000,0.760000,0.540000,0.100000,-0.200000,1.258535
274,-1.367191,-1.645366,-4.104117,1.257225,0.384036,-1.730235,1.000000,0.760000,0.540000,0.100000,-0.200000,1.257225
275,-1.377527,-1.637243,-4.121419,1.255724,0.390263,-1.751184,1.000000,0.760000,0.520000,0.100000,-0.200000,1.255724
276,-1.387764,-1.628990,-4.138931,1.254028,0.396663,-1.771577,1.000000,0.760000,0.520000,0.100000,-0.200000,1.254028
277,-1.397900,-1.620608,-4.156647,1.252133,0.403224,-1.791448,1.000000,0.740000,0.520000,0.100000,-0.200000,1.252133
278,-1.407931,-1.612098,-4.174561,1.250037,0.409936,-1.810834,1.000000,0.720000,0.520000,0.100000,-0.200000,1.250037
279,-1.417856,-1.603462,-4.192670,1.247735,0.416789,-1.829773,1.000000,0.700000,0.520000,0.100000,-0.300000,1.247735
280,-1.427670,-1.594702,-4.210967,1.244236,0.423549,-1.857809,1.000000,0.720000,0.520000,0.100000,-0.200000,1.244236
281,-1.437365,-1.585828,-4.229545,1.241478,0.430753,-1.875837,1.000000,0.720000,0.520000,0.100000,-0.200000,1.241478
282,-1.446944,-1.576832,-4.248304,1.238503,0.438065,-1.893529,1.000000,0.740000,0.500000,0.100000,-0.200000,1.238503
283,-1.456405,-1.567718,-4.267239,1.235308,0.445477,-1.910923,1.000000,0.740000,0.500000,0.100000,-0.200000,1.235308
284,-1.465745,-1.558487,-4.286348,1.231890,0.452982,-1.928053,1.000000,0.760000,0.500000,0.100000,-0.200000,1.231890
285,-1.474960,-1.549141,-4.305629,1.228246,0.460572,-1.944954,1.000000,0.760000,0.500000,0.100000,-0.200000,1.228246
286,-1.484050,-1.539683,-4.325078,1.224372,0.468239,-1.961658,1.000000,0.780000,0.500000,0.100000,-0.200000,1.224372
287,-1.493010,-1.530115,-4.344695,1.220265,0.475976,-1.978199,1.000000,0.800000,0.500000,0.100000,-0.200000,1.220265
288,-1.501838,-1.520439,-4.364477,1.215923,0.483777,-1.994608,1.000000,0.820000,0.500000,0.100000,-0.100000,1.215923
289,-1.510531,-1.510657,-4.384423,1.212298,0.492071,-1.992248,1.000000,0.860000,0.500000,0.100000,-0.100000,1.212298
290,-1.519095,-1.500766,-4.404346,1.208514,0.500190,-1.990802,1.000000,0.880000,0.500000,0.100000,-0.100000,1.208514
291,-1.527525,-1.490766,-4.424254,1.204572,0.508144,-1.990234,1.000000,0.920000,0.520000,0.100000,-0.100000,1.204572
292,-1.535820,-1.480661,-4.444156,1.200471,0.515945,-1.990515,1.000000,0.960000,0.520000,0.100000,0.000000,1.200471
293,-1.543977,-1.470453,-4.464061,1.197078,0.524370,-1.958818,1.000000,1.000000,0.520000,0.100000,0.100000,1.197078
294,-1.552002,-1.460138,-4.483649,1.194356,0.533528,-1.874881,1.000000,1.000000,0.520000,0.100000,0.100000,1.194356
295,-1.559906,-1.449715,-4.502398,1.191916,0.541478,-1.796083,1.000000,1.000000,0.520000,0.100000,0.100000,1.191916
296,-1.567687,-1.439187,-4.520359,1.189766,0.548313,-1.721672,1.000000,1.000000,0.520000,0.100000,0.100000,1.189766
297,-1.575340,-1.428554,-4.537576,1.187911,0.554115,-1.651009,1.000000,1.000000,0.520000,0.100000,0.100000,1.187911
298,-1.582863,-1.417820,-4.554086,1.186357,0.558953,-1.583540,1.000000,1.000000,0.520000,0.100000,0.100000,1.186357
299,-1.590252,-1.406986,-4.569921,1.185108,0.562889,-1.518784,0.940000,1.000000,0.520000,0.100000,0.100000,1.185108
300,-1.597507,-1.396054,-4.585109,1.184167,0.565975,-1.456321,0.920000,1.000000,0.500000,0.100000,0.100000,1.184167
301,-1.604624,-1.385027,-4.599672,1.183537,0.568257,-1.395774,0.880000,1.000000,0.480000,0.100000,0.100000,1.183537
302,-1.611602,-1.373905,-4.613630,1.183223,0.569774,-1.336810,0.860000,1.000000,0.480000,0.100000,0.100000,1.183223
303,-1.618438,-1.362693,-4.626998,1.183226,0.570559,-1.279124,0.840000,1.000000,0.460000,0.100000,0.100000,1.183226
304,-1.625132,-1.351390,-4.639789,1.183550,0.570643,-1.222438,0.820000,1.000000,0.440000,0.100000,0.100000,1.183550
305,-1.631682,-1.340000,-4.652014,1.184197,0.570050,-1.166499,0.800000,1.000000,0.440000,0.100000,0.100000,1.184197
306,-1.638087,-1.328523,-4.663679,1.185171,0.568801,-1.111066,0.780000,1.000000,0.440000,0.100000,0.100000,1.185171
307,-1.644345,-1.316963,-4.674789,1.186475,0.566914,-1.055918,0.780000,1.000000,0.440000,0.100000,0.100000,1.186475
308,-1.650456,-1.305319,-4.685348,1.188112,0.564402,-1.000843,0.760000,1.000000,0.440000,0.100000,0.100000,1.188112
309,-1.656420,-1.293595,-4.695357,1.190084,0.561277,-0.945638,0.760000,1.000000,0.440000,0.100000,0.100000,1.190084
310,-1.662234,-1.281792,-4.704813,1.192394,0.557548,-0.890109,0.760000,1.000000,0.440000,0.100000,0.100000,1.192394
311,-1.667900,-1.269910,-4.713714,1.195047,0.553218,-0.834066,0.760000,1.000000,0.440000,0.100000,0.100000,1.195047
312,-1.673416,-1.257952,-4.722055,1.198044,0.548292,-0.777326,0.740000,1.000000,0.440000,0.100000,0.100000,1.198044
313,-1.678783,-1.245920,-4.729828,1.201388,0.542770,-0.719708,0.740000,1.000000,0.440000,0.100000,0.100000,1.201388
314,-1.684000,-1.233813,-4.737025,1.205083,0.536651,-0.661034,0.740000,1.000000,0.420000,0.100000,0.100000,1.205083
315,-1.689069,-1.221634,-4.743636,1.209130,0.529929,-0.601128,0.740000,1.000000,0.420000,0.100000,0.100000,1.209130
316,-1.693987,-1.209383,-4.749647,1.213532,0.522599,-0.539816,0.740000,1.000000,0.420000,0.100000,0.100000,1.213532
317,-1.698758,-1.197061,-4.755045,1.218290,0.514653,-0.476926,0.740000,1.000000,0.420000,0.100000,0.100000,1.218290
318,-1.703380,-1.184670,-4.759814,1.223406,0.506080,-0.412289,0.740000,1.000000,0.400000,0.100000,0.100000,1.223406
319,-1.707855,-1.172209,-4.763937,1.228880,0.496869,-0.345739,0.740000,1.000000,0.400000,0.100000,0.100000,1.228880
320,-1.712184,-1.159681,-4.767395,1.234712,0.487005,-0.277115,0.740000,1.000000,0.400000,0.100000,0.100000,1.234712
321,-1.716368,-1.147085,-4.770166,1.240900,0.476472,-0.206264,0.760000,1.000000,0.380000,0.100000,0.100000,1.240900
322,-1.720408,-1.134421,-4.772228,1.247441,0.465256,-0.133044,0.760000,1.000000,0.380000,0.100000,0.100000,1.247441
323,-1.724306,-1.121691,-4.773559,1.254331,0.453336,-0.057326,0.760000,1.000000,0.360000,0.100000,0.100000,1.254331
324,-1.728065,-1.108894,-4.774132,1.261564,0.440696,0.020997,0.860000,1.000000,0.360000,0.100000,0.100000,1.261564
325,-1.731685,-1.096031,-4.773922,1.269133,0.427318,0.102005,0.880000,1.000000,0.340000,0.000000,0.100000,1.269133
326,-1.735169,-1.083100,-4.772902,1.270025,0.413182,0.185739,0.880000,1.000000,0.340000,0.000000,0.100000,1.270025
327,-1.738526,-1.070174,-4.771045,1.271232,0.398240,0.271514,0.900000,1.000000,0.320000,0.000000,0.100000,1.271232
328,-1.741756,-1.057250,-4.768330,1.272736,0.382499,0.359338,0.900000,1.000000,0.300000,0.000000,0.100000,1.272736
329,-1.744863,-1.044328,-4.764736,1.274512,0.365966,0.449150,0.920000,1.000000,0.300000,0.000000,0.100000,1.274512
330,-1.747851,-1.031409,-4.760245,1.276535,0.348653,0.540800,0.940000,1.000000,0.280000,0.000000,0.100000,1.276535
331,-1.750723,-1.018492,-4.754837,1.278776,0.330579,0.634028,0.960000,1.000000,0.280000,0.000000,0.100000,1.278776
332,-1.753483,-1.005575,-4.748496,1.281200,0.311770,0.728446,1.000000,1.000000,0.260000,0.000000,0.100000,1.281200
333,-1.756136,-0.992659,-4.741212,1.283770,0.292260,0.823517,1.000000,1.000000,0.240000,0.000000,0.100000,1.283770
334,-1.758688,-0.979742,-4.732977,1.286444,0.272098,0.918541,1.000000,1.000000,0.240000,0.000000,0.100000,1.286444
335,-1.761143,-0.966825,-4.723791,1.289177,0.251342,1.012644,1.000000,1.000000,0.220000,0.000000,0.100000,1.289177
336,-1.763509,-0.953905,-4.713665,1.291918,0.230069,1.104793,1.000000,0.820000,0.220000,0.000000,-0.200000,1.291918
337,-1.765794,-0.940983,-4.702617,1.292684,0.203291,0.976683,1.000000,0.800000,0.200000,0.000000,-0.400000,1.292684
338,-1.767953,-0.928077,-4.692850,1.290924,0.178104,0.808942,1.000000,0.800000,0.200000,0.000000,-0.400000,1.290924
339,-1.769986,-0.915205,-4.684761,1.288654,0.155557,0.626302,1.000000,0.780000,0.180000,0.000000,-0.400000,1.288654
340,-1.771897,-0.902366,-4.678498,1.285954,0.135802,0.430869,1.000000,0.680000,0.180000,0.000000,-0.400000,1.285954
341,-1.773690,-0.889560,-4.674189,1.282901,0.118944,0.225280,1.000000,0.560000,0.180000,0.000000,-0.500000,1.282901
342,-1.775368,-0.876786,-4.671936,1.278559,0.105048,0.012854,1.000000,0.560000,0.160000,0.000000,-0.500000,1.278559
343,-1.776935,-0.864053,-4.671808,1.273989,0.094074,-0.204881,1.000000,0.540000,0.160000,0.000000,-0.500000,1.273989
344,-1.778392,-0.851362,-4.673856,1.269237,0.085999,-0.424660,1.000000,0.540000,0.160000,0.000000,-0.500000,1.269237
345,-1.779740,-0.838712,-4.678103,1.264335,0.080752,-0.643305,1.000000,0.520000,0.160000,0.000000,-0.500000,1.264335
346,-1.780980,-0.826104,-4.684536,1.259298,0.078226,-0.857842,1.000000,0.560000,0.160000,0.100000,-0.500000,1.259298
347,-1.782113,-0.813537,-4.693115,1.261124,0.078277,-1.065598,1.000000,0.700000,0.160000,0.100000,-0.400000,1.261124
348,-1.783139,-0.800944,-4.703771,1.263838,0.080960,-1.259256,1.000000,0.700000,0.160000,0.000000,-0.400000,1.263838
349,-1.784057,-0.788313,-4.716363,1.259373,0.085935,-1.442512,1.000000,0.680000,0.160000,0.100000,-0.400000,1.259373
350,-1.784867,-0.775716,-4.730788,1.261689,0.092910,-1.613457,1.000000,0.680000,0.180000,0.100000,-0.400000,1.261689
351,-1.785563,-0.763084,-4.746923,1.263741,0.101804,-1.772117,1.000000,0.660000,0.180000,0.000000,-0.400000,1.263741
352,-1.786145,-0.750419,-4.764644,1.258478,0.112435,-1.918088,1.000000,1.000000,0.180000,0.100000,0.100000,1.258478
353,-1.786610,-0.737792,-4.783825,1.263019,0.134033,-1.641290,1.000000,1.000000,0.200000,0.100000,0.100000,1.263019
354,-1.787045,-0.725099,-4.800238,1.267585,0.151308,-1.384090,1.000000,1.000000,0.200000,0.000000,0.100000,1.267585
355,-1.787441,-0.712339,-4.814079,1.265315,0.164670,-1.145207,1.000000,1.000000,0.220000,0.000000,0.100000,1.265315
356,-1.787794,-0.699584,-4.825531,1.263303,0.174385,-0.922728,0.980000,1.000000,0.220000,0.000000,0.100000,1.263303
357,-1.788101,-0.686835,-4.834758,1.261608,0.180827,-0.714968,0.960000,1.000000,0.240000,0.100000,0.100000,1.261608
358,-1.788356,-0.674092,-4.841908,1.267261,0.184331,-0.520311,0.940000,1.000000,0.240000,0.000000,0.100000,1.267261
359,-1.788547,-0.661288,-4.847111,1.266265,0.185272,-0.337293,0.940000,1.000000,0.240000,0.000000,0.100000,1.266265
360,-1.788682,-0.648491,-4.850484,1.265620,0.183822,-0.164769,0.940000,1.000000,0.240000,0.000000,0.100000,1.265620
361,-1.788760,-0.635702,-4.852131,1.265305,0.180223,-0.001834,0.920000,1.000000,0.240000,0.000000,0.100000,1.265305
362,-1.788783,-0.622922,-4.852150,1.265292,0.174694,0.152158,0.920000,1.000000,0.240000,0.000000,0.100000,1.265292
363,-1.788750,-0.610149,-4.850628,1.265547,0.167439,0.297622,0.940000,1.000000,0.240000,0.000000,0.100000,1.265547
364,-1.788664,-0.597383,-4.847652,1.266026,0.158649,0.434759,0.940000,1.000000,0.240000,0.000000,0.100000,1.266026
365,-1.788529,-0.584625,-4.843304,1.266685,0.148509,0.563594,0.940000,1.000000,0.240000,0.000000,0.100000,1.266685
366,-1.788348,-0.571872,-4.837668,1.267476,0.137195,0.684014,0.960000,1.000000,0.240000,0.000000,0.100000,1.267476
367,-1.788125,-0.559126,-4.830828,1.268349,0.124881,0.795821,0.960000,1.000000,0.220000,0.000000,0.100000,1.268349
368,-1.787867,-0.546383,-4.822870,1.269256,0.111737,0.898776,0.980000,1.000000,0.220000,0.000000,0.100000,1.269256
369,-1.787578,-0.533645,-4.813882,1.270148,0.097928,0.992662,1.000000,1.000000,0.220000,0.000000,0.100000,1.270148
370,-1.787265,-0.520910,-4.803956,1.270980,0.083613,1.077329,1.000000,1.000000,0.200000,0.000000,0.100000,1.270980
371,-1.786936,-0.508177,-4.793182,1.271713,0.068943,1.152741,1.000000,1.000000,0.200000,0.000000,0.100000,1.271713
372,-1.786596,-0.495445,-4.781655,1.272308,0.054062,1.219003,1.000000,1.000000,0.200000,0.000000,0.100000,1.272308
373,-1.786255,-0.482715,-4.769465,1.272737,0.039098,1.276373,1.000000,0.440000,0.180000,0.000000,-0.600000,1.272737
374,-1.785920,-0.469986,-4.756701,1.267731,0.015090,0.936885,1.000000,0.420000,0.180000,0.000000,-0.600000,1.267731
375,-1.785509,-0.457315,-4.747332,1.262408,-0.004147,0.583082,1.000000,0.420000,0.180000,0.100000,-0.700000,1.262408
376,-1.785026,-0.444700,-4.741502,1.263051,-0.018232,0.237622,1.000000,0.400000,0.180000,0.100000,-0.700000,1.263051
377,-1.784476,-0.432080,-4.739125,1.263701,-0.027855,-0.110026,1.000000,0.400000,0.180000,0.000000,-0.700000,1.263701
378,-1.783860,-0.419455,-4.740226,1.257447,-0.033109,-0.454080,1.000000,0.380000,0.180000,0.100000,-0.700000,1.257447
379,-1.783179,-0.406895,-4.744766,1.258333,-0.034183,-0.789289,1.000000,0.380000,0.180000,0.100000,-0.700000,1.258333
380,-1.782430,-0.394329,-4.752659,1.259352,-0.031290,-1.110576,1.000000,0.360000,0.180000,0.100000,-0.700000,1.259352
381,-1.781610,-0.381758,-4.763765,1.260458,-0.024700,-1.413567,1.000000,0.360000,0.160000,0.100000,-0.700000,1.260458
382,-1.780716,-0.369183,-4.777901,1.261568,-0.014724,-1.694546,1.000000,0.340000,0.160000,0.100000,-0.700000,1.261568
383,-1.779744,-0.356604,-4.794846,1.262575,-0.001705,-1.950605,1.000000,1.000000,0.140000,0.100000,0.100000,1.262575
384,-1.778687,-0.344023,-4.814352,1.269053,0.025433,-1.690523,0.980000,1.000000,0.120000,0.000000,0.100000,1.269053
385,-1.777648,-0.331372,-4.831257,1.268137,0.048236,-1.438141,0.940000,1.000000,0.120000,0.000000,0.100000,1.268137
386,-1.776623,-0.318723,-4.845639,1.267021,0.066823,-1.196153,0.920000,1.000000,0.100000,0.000000,0.100000,1.267021
387,-1.775602,-0.306076,-4.857600,1.265859,0.081499,-0.966475,0.900000,1.000000,0.100000,0.000000,0.100000,1.265859
388,-1.774577,-0.293433,-4.867265,1.264757,0.092592,-0.749879,0.880000,1.000000,0.120000,0.000000,0.100000,1.264757
389,-1.773541,-0.280794,-4.874764,1.263791,0.100432,-0.546413,0.860000,1.000000,0.120000,0.000000,0.100000,1.263791
390,-1.772489,-0.268160,-4.880228,1.263004,0.105335,-0.355722,0.860000,1.000000,0.140000,0.100000,0.100000,1.263004
391,-1.771417,-0.255531,-4.883785,1.269416,0.107603,-0.177283,0.840000,1.000000,0.140000,0.000000,0.100000,1.269416
392,-1.770313,-0.242840,-4.885558,1.269027,0.107556,-0.010659,0.840000,1.000000,0.140000,0.000000,0.100000,1.269027
393,-1.769185,-0.230154,-4.885665,1.268830,0.105406,0.144827,0.840000,1.000000,0.160000,0.000000,0.100000,1.268830
394,-1.768036,-0.217474,-4.884216,1.268802,0.101396,0.289581,0.840000,1.000000,0.160000,0.000000,0.100000,1.268802
395,-1.766866,-0.204799,-4.881321,1.268916,0.095754,0.423915,0.840000,1.000000,0.160000,0.000000,0.100000,1.268916
396,-1.765676,-0.192130,-4.877081,1.269138,0.088697,0.548064,0.840000,1.000000,0.160000,0.000000,0.100000,1.269138
397,-1.764470,-0.179465,-4.871601,1.269432,0.080425,0.662211,0.860000,1.000000,0.160000,0.000000,0.100000,1.269432
398,-1.763252,-0.166803,-4.864979,1.269760,0.071131,0.766516,0.860000,1.000000,0.160000,0.000000,0.100000,1.269760
399,-1.762025,-0.154145,-4.857314,1.270085,0.060993,0.861149,0.880000,1.000000,0.160000,0.000000,0.100000,1.270085
400,-1.760794,-0.141490,-4.848702,1.270372,0.050178,0.946321,0.880000,1.000000,0.160000,0.000000,0.100000,1.270372
401,-1.759565,-0.128835,-4.839239,1.270590,0.038843,1.022304,0.900000,1.000000,0.160000,0.000000,0.100000,1.270590
402,-1.758343,-0.116183,-4.829016,1.270707,0.027129,1.089444,0.920000,1.000000,0.140000,0.000000,0.100000,1.270707
403,-1.757134,-0.103530,-4.818121,1.270700,0.015166,1.148165,0.940000,1.000000,0.140000,0.000000,0.100000,1.270700
404,-1.755944,-0.090878,-4.806640,1.270547,0.003070,1.198965,0.960000,1.000000,0.120000,0.000000,0.100000,1.270547
405,-1.754778,-0.078226,-4.794650,1.270233,-0.009057,1.242403,0.980000,1.000000,0.120000,0.000000,0.100000,1.270233
406,-1.753644,-0.065574,-4.782226,1.269744,-0.021128,1.279076,1.000000,1.000000,0.100000,0.000000,0.100000,1.269744
407,-1.752548,-0.052923,-4.769435,1.269073,-0.033068,1.309606,1.000000,1.000000,0.100000,0.000000,0.100000,1.269073
408,-1.751494,-0.040271,-4.756339,1.268215,-0.044813,1.334618,1.000000,0.760000,0.080000,0.000000,-0.500000,1.268215
409,-1.750489,-0.027621,-4.742993,1.263223,-0.067213,0.888571,1.000000,0.760000,0.080000,0.000000,-0.500000,1.263223
410,-1.749431,-0.015015,-4.734107,1.258311,-0.083573,0.439215,1.000000,0.740000,0.060000,0.100000,-0.500000,1.258311
411,-1.748322,-0.002453,-4.729715,1.260706,-0.094053,-0.006547,1.000000,0.740000,0.060000,0.100000,-0.500000,1.260706
412,-1.747163,0.010136,-4.729781,1.263537,-0.098912,-0.442100,1.000000,0.720000,0.040000,0.000000,-0.500000,1.263537
413,-1.745954,0.022752,-4.734202,1.259850,-0.098411,-0.862089,1.000000,0.720000,0.040000,0.100000,-0.500000,1.259850
414,-1.744696,0.035326,-4.742822,1.263613,-0.092920,-1.261883,1.000000,0.700000,0.020000,0.000000,-0.500000,1.263613
415,-1.743382,0.047928,-4.755441,1.260718,-0.082798,-1.636520,1.000000,0.700000,0.020000,0.100000,-0.500000,1.260718
416,-1.742013,0.060488,-4.771807,1.265009,-0.068578,-1.981973,1.000000,1.000000,0.040000,0.000000,0.100000,1.265009
417,-1.740577,0.073075,-4.791626,1.265691,-0.038038,-1.756005,1.000000,1.000000,0.040000,0.000000,0.100000,1.265691
418,-1.739196,0.085662,-4.809186,1.265746,-0.011601,-1.526694,1.000000,1.000000,0.040000,0.000000,0.100000,1.265746
419,-1.737857,0.098249,-4.824453,1.265372,0.010812,-1.299283,0.980000,1.000000,0.060000,0.000000,0.100000,1.265372
420,-1.736549,0.110835,-4.837446,1.264739,0.029367,-1.077740,0.960000,1.000000,0.060000,0.000000,0.100000,1.264739
421,-1.735263,0.123421,-4.848223,1.263983,0.044288,-0.864757,0.920000,1.000000,0.060000,0.000000,0.100000,1.263983
422,-1.733990,0.136004,-4.856871,1.263208,0.055841,-0.661960,0.820000,1.000000,0.080000,0.000000,0.100000,1.263208
423,-1.732724,0.148585,-4.863491,1.262486,0.064303,-0.470185,0.820000,1.000000,0.080000,0.100000,0.100000,1.262486
424,-1.731460,0.161163,-4.868193,1.268865,0.069958,-0.289740,0.800000,1.000000,0.080000,0.000000,0.100000,1.268865
425,-1.730182,0.173806,-4.871090,1.268367,0.073122,-0.120802,0.800000,1.000000,0.100000,0.000000,0.100000,1.268367
426,-1.728899,0.186446,-4.872298,1.268002,0.074010,0.037076,0.880000,1.000000,0.100000,0.000000,0.100000,1.268002
427,-1.727611,0.199082,-4.871927,1.267767,0.072873,0.184131,0.880000,1.000000,0.100000,0.000000,0.100000,1.267767
428,-1.726316,0.211714,-4.870086,1.267645,0.069948,0.320620,0.880000,1.000000,0.100000,0.000000,0.100000,1.267645
429,-1.725016,0.224343,-4.866880,1.267617,0.065459,0.446793,0.880000,1.000000,0.120000,0.000000,0.100000,1.267617
430,-1.723713,0.236969,-4.862412,1.267654,0.059614,0.562889,0.880000,1.000000,0.120000,0.000000,0.100000,1.267654
431,-1.722407,0.249593,-4.856783,1.267729,0.052611,0.669146,0.900000,1.000000,0.120000,0.000000,0.100000,1.267729
432,-1.721104,0.262214,-4.850091,1.267811,0.044632,0.765818,0.900000,1.000000,0.120000,0.000000,0.100000,1.267811
433,-1.719806,0.274833,-4.842433,1.267870,0.035850,0.853184,0.920000,1.000000,0.120000,0.000000,0.100000,1.267870
434,-1.718517,0.287451,-4.833901,1.267879,0.026421,0.931571,0.920000,1.000000,0.120000,0.000000,0.100000,1.267879
435,-1.717243,0.300069,-4.824586,1.267811,0.016491,1.001352,0.940000,1.000000,0.120000,0.000000,0.100000,1.267811
436,-1.715987,0.312685,-4.814572,1.267643,0.006191,1.062959,0.960000,1.000000,0.120000,0.000000,0.100000,1.267643
437,-1.714755,0.325302,-4.803943,1.267356,-0.004361,1.116874,1.000000,1.000000,0.120000,0.000000,0.100000,1.267356
438,-1.713553,0.337919,-4.792774,1.266935,-0.015060,1.163618,1.000000,1.000000,0.120000,0.000000,0.100000,1.266935
439,-1.712386,0.350535,-4.781138,1.266365,-0.025814,1.203747,1.000000,1.000000,0.120000,0.000000,0.100000,1.266365
440,-1.711258,0.363151,-4.769100,1.265639,-0.036544,1.237829,1.000000,1.000000,0.120000,0.000000,0.100000,1.265639
441,-1.710176,0.375766,-4.756722,1.264750,-0.047182,1.266436,1.000000,0.920000,0.120000,0.000000,-0.100000,1.264750
442,-1.709144,0.388380,-4.744058,1.263741,-0.063617,1.035799,1.000000,0.900000,0.120000,0.000000,-0.100000,1.263741
443,-1.708108,0.400991,-4.733700,1.262723,-0.076387,0.817083,1.000000,0.880000,0.120000,0.100000,-0.100000,1.262723
444,-1.707076,0.413599,-4.725529,1.268784,-0.085806,0.610890,1.000000,0.400000,0.120000,0.000000,-0.700000,1.268784
445,-1.706051,0.426275,-4.719420,1.262021,-0.098076,0.168478,1.000000,0.380000,0.120000,0.100000,-0.700000,1.262021
446,-1.704981,0.438888,-4.717735,1.262656,-0.104718,-0.270060,1.000000,0.380000,0.120000,0.100000,-0.700000,1.262656
447,-1.703867,0.451509,-4.720436,1.263768,-0.105977,-0.697948,1.000000,0.360000,0.120000,0.000000,-0.700000,1.263768
448,-1.702705,0.464137,-4.727415,1.258359,-0.102114,-1.109346,1.000000,0.840000,0.120000,0.100000,-0.200000,1.258359
449,-1.701495,0.476704,-4.738509,1.265798,-0.089164,-1.312389,1.000000,0.820000,0.140000,0.000000,-0.200000,1.265798
450,-1.700273,0.489335,-4.751632,1.266238,-0.074249,-1.497337,1.000000,0.820000,0.140000,0.000000,-0.200000,1.266238
451,-1.699035,0.501958,-4.766606,1.266579,-0.057748,-1.663746,1.000000,0.880000,0.160000,0.000000,-0.100000,1.266579
452,-1.697772,0.514574,-4.783243,1.267351,-0.037107,-1.689260,1.000000,0.880000,0.160000,0.000000,-0.100000,1.267351
453,-1.696504,0.527189,-4.800136,1.267742,-0.017191,-1.707100,1.000000,0.880000,0.180000,0.000000,-0.100000,1.267742
454,-1.695222,0.539803,-4.817207,1.267753,0.001949,-1.718098,1.000000,0.940000,0.200000,0.000000,0.000000,1.267753
455,-1.693915,0.552413,-4.834388,1.267582,0.023335,-1.592355,1.000000,0.940000,0.200000,0.000000,0.000000,1.267582
456,-1.692604,0.565023,-4.850311,1.267073,0.042079,-1.471206,1.000000,0.960000,0.220000,0.000000,0.000000,1.267073
457,-1.691279,0.577631,-4.865023,1.266317,0.058372,-1.355590,1.000000,0.960000,0.260000,0.000000,0.000000,1.266317
458,-1.689930,0.590236,-4.878579,1.265389,0.072409,-1.245958,1.000000,1.000000,0.260000,0.000000,0.100000,1.265389
459,-1.688551,0.602835,-4.891039,1.264133,0.087429,-1.012095,1.000000,0.980000,0.260000,0.000000,0.100000,1.264133
460,-1.687165,0.615431,-4.901160,1.262946,0.098800,-0.791830,1.000000,0.980000,0.240000,0.100000,0.100000,1.262946
461,-1.685766,0.628021,-4.909078,1.268904,0.106860,-0.585093,1.000000,0.960000,0.240000,0.000000,0.000000,1.268904
462,-1.684334,0.640674,-4.914929,1.268142,0.108948,-0.522291,1.000000,1.000000,0.220000,0.000000,0.100000,1.268142
463,-1.682850,0.653316,-4.920152,1.267355,0.113192,-0.332828,1.000000,0.980000,0.200000,0.000000,0.100000,1.267355
464,-1.681344,0.665950,-4.923480,1.266784,0.114838,-0.155527,1.000000,0.980000,0.200000,0.000000,0.100000,1.266784
465,-1.679812,0.678578,-4.925036,1.266427,0.114164,0.010214,1.000000,0.960000,0.180000,0.000000,0.000000,1.266427
466,-1.678255,0.691198,-4.924933,1.266302,0.108410,0.035842,1.000000,0.960000,0.180000,0.000000,0.000000,1.266302
467,-1.676644,0.703804,-4.924575,1.266204,0.102595,0.058836,1.000000,0.940000,0.160000,0.000000,0.000000,1.266204
468,-1.674980,0.716398,-4.923987,1.266128,0.096758,0.079265,1.000000,0.940000,0.160000,0.000000,0.000000,1.266128
469,-1.673267,0.728981,-4.923194,1.266067,0.090937,0.097208,1.000000,0.920000,0.160000,0.000000,-0.100000,1.266067
470,-1.671507,0.741551,-4.922222,1.265534,0.082578,0.002090,1.000000,0.920000,0.180000,0.000000,-0.100000,1.265534
471,-1.669679,0.754101,-4.922201,1.264934,0.075749,-0.090732,1.000000,0.900000,0.180000,0.000000,-0.100000,1.264934
472,-1.667785,0.766631,-4.923108,1.264281,0.070362,-0.180581,1.000000,0.900000,0.200000,0.000000,-0.100000,1.264281
473,-1.665829,0.779141,-4.924914,1.263585,0.066320,-0.266910,1.000000,0.880000,0.220000,0.000000,-0.100000,1.263585
474,-1.663812,0.791632,-4.927583,1.262852,0.063521,-0.349295,1.000000,0.880000,0.220000,0.100000,-0.100000,1.262852
475,-1.661736,0.804105,-4.931076,1.269084,0.061862,-0.427425,1.000000,0.860000,0.240000,0.000000,-0.200000,1.269084
476,-1.659586,0.816628,-4.935350,1.267456,0.059243,-0.588728,1.000000,0.860000,0.260000,0.000000,-0.200000,1.267456
477,-1.657361,0.829120,-4.941238,1.265765,0.058691,-0.742344,1.000000,0.840000,0.300000,0.000000,-0.200000,1.265765
478,-1.655062,0.841581,-4.948661,1.264002,0.060029,-0.887385,1.000000,0.840000,0.320000,0.000000,-0.200000,1.264002
479,-1.652686,0.854010,-4.957535,1.262150,0.063074,-1.023242,1.000000,0.880000,0.380000,0.100000,-0.100000,1.262150
480,-1.650235,0.866407,-4.967767,1.267999,0.069783,-1.058095,1.000000,0.860000,0.440000,0.000000,-0.200000,1.267999
481,-1.647707,0.878852,-4.978348,1.265927,0.074601,-1.179266,1.000000,0.860000,0.500000,0.000000,-0.200000,1.265927
482,-1.645100,0.891263,-4.990141,1.263710,0.080704,-1.291126,1.000000,0.840000,0.500000,0.000000,-0.200000,1.263710
483,-1.642411,0.903637,-5.003052,1.261323,0.087927,-1.393757,1.000000,0.880000,0.480000,0.100000,-0.100000,1.261323
484,-1.639638,0.915973,-5.016990,1.266563,0.098167,-1.399602,1.000000,0.880000,0.480000,0.000000,-0.100000,1.266563
485,-1.636776,0.928350,-5.030986,1.264635,0.108153,-1.403568,1.000000,0.880000,0.460000,0.000000,-0.100000,1.264635
486,-1.633842,0.940699,-5.045022,1.262543,0.117760,-1.405416,1.000000,0.860000,0.540000,0.100000,-0.200000,1.262543
487,-1.630832,0.953016,-5.059076,1.266453,0.125109,-1.485645,1.000000,0.860000,0.520000,0.000000,-0.200000,1.266453
488,-1.627706,0.965353,-5.073932,1.263146,0.133289,-1.559640,1.000000,0.900000,0.520000,0.100000,-0.100000,1.263146
489,-1.624485,0.977639,-5.089529,1.267456,0.143886,-1.549671,1.000000,0.880000,0.500000,0.000000,-0.100000,1.267456
490,-1.621155,0.989953,-5.105025,1.264595,0.154068,-1.539498,1.000000,0.880000,0.580000,0.000000,-0.100000,1.264595
491,-1.617740,1.002226,-5.120420,1.261574,0.163721,-1.528774,1.000000,0.880000,0.560000,0.100000,-0.100000,1.261574
492,-1.614236,1.014455,-5.135708,1.265405,0.172863,-1.517671,1.000000,0.880000,0.560000,0.000000,-0.100000,1.265405
493,-1.610614,1.026703,-5.150885,1.262101,0.181650,-1.506755,1.000000,0.880000,0.600000,0.100000,-0.100000,1.262101
494,-1.606900,1.038901,-5.165952,1.265669,0.189967,-1.495670,1.000000,0.860000,0.580000,0.000000,-0.100000,1.265669
495,-1.603062,1.051110,-5.180909,1.262119,0.197966,-1.484896,1.000000,0.860000,0.580000,0.100000,-0.100000,1.262119
496,-1.599129,1.063265,-5.195758,1.265458,0.205531,-1.474090,1.000000,0.860000,0.560000,0.000000,-0.100000,1.265458
497,-1.595068,1.075425,-5.210499,1.261696,0.212813,-1.463665,1.000000,0.860000,0.600000,0.100000,-0.100000,1.261696
498,-1.590909,1.087526,-5.225135,1.264838,0.219694,-1.453297,1.000000,0.840000,0.580000,0.000000,-0.100000,1.264838
499,-1.586619,1.099625,-5.239668,1.260892,0.226324,-1.443343,1.000000,0.840000,0.580000,0.100000,-0.100000,1.260892
500,-1.582230,1.111661,-5.254102,1.263862,0.232583,-1.433501,1.000000,0.840000,0.620000,0.100000,-0.100000,1.263862
501,-1.577706,1.123689,-5.268437,1.266757,0.238618,-1.424085,1.000000,0.840000,0.600000,0.000000,-0.100000,1.266757
502,-1.573047,1.135708,-5.282678,1.262579,0.244442,-1.415082,0.480000,0.840000,0.600000,0.100000,-0.100000,1.262579
503,-1.568288,1.147655,-5.296829,1.265333,0.249935,-1.406222,1.000000,0.820000,0.620000,0.100000,-0.100000,1.265333
504,-1.563391,1.159587,-5.310891,1.268024,0.255241,-1.397769,0.460000,0.820000,0.620000,0.100000,-0.100000,1.268024
505,-1.558356,1.171501,-5.324868,1.270656,0.260369,-1.389707,1.000000,0.820000,0.620000,0.100000,-0.100000,1.270656
506,-1.553181,1.183395,-5.338766,1.273230,0.265329,-1.382022,0.440000,0.820000,0.640000,0.100000,-0.100000,1.273230
507,-1.547867,1.195266,-5.352586,1.275749,0.270132,-1.374699,0.440000,0.820000,0.640000,0.100000,-0.100000,1.275749
508,-1.542413,1.207110,-5.366333,1.278216,0.274785,-1.367724,0.420000,0.800000,0.640000,0.100000,-0.100000,1.278216
509,-1.536818,1.218927,-5.380010,1.280633,0.279296,-1.361083,0.420000,0.800000,0.620000,0.100000,-0.100000,1.280633
510,-1.531082,1.230713,-5.393621,1.283002,0.283674,-1.354762,1.000000,0.800000,0.620000,0.100000,-0.100000,1.283002
511,-1.525206,1.242466,-5.407168,1.285323,0.287925,-1.348751,0.400000,0.800000,0.620000,0.100000,-0.100000,1.285323
512,-1.519189,1.254183,-5.420656,1.287600,0.292057,-1.343035,0.400000,0.800000,0.600000,0.000000,-0.200000,1.287600
513,-1.513031,1.265862,-5.434086,1.281913,0.295076,-1.380323,0.380000,0.800000,0.640000,0.100000,-0.100000,1.281913
514,-1.506777,1.277435,-5.447890,1.283994,0.299415,-1.373824,0.380000,0.780000,0.640000,0.100000,-0.100000,1.283994
515,-1.500382,1.288964,-5.461628,1.286029,0.303626,-1.367656,0.360000,0.780000,0.620000,0.100000,-0.100000,1.286029
516,-1.493847,1.300449,-5.475304,1.288021,0.307717,-1.361805,0.360000,0.780000,0.620000,0.100000,-0.100000,1.288021
517,-1.487170,1.311885,-5.488922,1.289971,0.311694,-1.356258,0.440000,0.780000,0.620000,0.100000,-0.100000,1.289971
518,-1.480354,1.323272,-5.502485,1.291880,0.315563,-1.351003,1.000000,0.780000,0.600000,0.000000,-0.200000,1.291880
519,-1.473397,1.334605,-5.515995,1.285823,0.318417,-1.385108,0.420000,0.780000,0.600000,0.000000,-0.200000,1.285823
520,-1.466351,1.345823,-5.529846,1.279617,0.321565,-1.417882,1.000000,0.780000,0.600000,0.000000,-0.200000,1.279617
521,-1.459217,1.356922,-5.544025,1.273259,0.324980,-1.449349,0.400000,0.780000,0.600000,0.000000,-0.200000,1.273259
522,-1.451996,1.367901,-5.558518,1.266747,0.328637,-1.479542,1.000000,0.780000,0.580000,0.000000,-0.200000,1.266747
523,-1.444690,1.378759,-5.573314,1.260079,0.332511,-1.508501,1.000000,0.780000,0.580000,0.100000,-0.200000,1.260079
524,-1.437300,1.389493,-5.588399,1.260254,0.336578,-1.536269,1.000000,0.780000,0.580000,0.100000,-0.200000,1.260254
525,-1.429774,1.400147,-5.603762,1.260271,0.340947,-1.563200,1.000000,0.780000,0.580000,0.100000,-0.200000,1.260271
526,-1.422112,1.410718,-5.619394,1.260124,0.345601,-1.589312,1.000000,0.780000,0.560000,0.100000,-0.200000,1.260124
527,-1.414316,1.421204,-5.635287,1.259810,0.350525,-1.614623,1.000000,0.780000,0.560000,0.100000,-0.200000,1.259810
528,-1.406386,1.431602,-5.651433,1.259325,0.355705,-1.639158,1.000000,0.780000,0.560000,0.100000,-0.200000,1.259325
529,-1.398324,1.441910,-5.667824,1.258664,0.361124,-1.662945,1.000000,0.780000,0.560000,0.100000,-0.200000,1.258664
530,-1.390131,1.452124,-5.684454,1.257823,0.366770,-1.686013,1.000000,0.780000,0.540000,0.100000,-0.200000,1.257823
531,-1.381808,1.462243,-5.701314,1.256798,0.372628,-1.708395,1.000000,0.800000,0.540000,0.100000,-0.200000,1.256798
532,-1.373356,1.472263,-5.718398,1.255586,0.378686,-1.730125,1.000000,0.800000,0.540000,0.100000,-0.200000,1.255586
533,-1.364777,1.482182,-5.735699,1.254183,0.384930,-1.751239,1.000000,0.800000,0.540000,0.100000,-0.200000,1.254183
534,-1.356072,1.491997,-5.753212,1.252585,0.391350,-1.771773,1.000000,0.820000,0.540000,0.100000,-0.100000,1.252585
535,-1.347243,1.501706,-5.770929,1.251729,0.398607,-1.762904,1.000000,0.820000,0.540000,0.100000,-0.100000,1.251729
536,-1.338286,1.511316,-5.788558,1.250775,0.405648,-1.754854,1.000000,0.840000,0.540000,0.100000,-0.100000,1.250775
537,-1.329203,1.520823,-5.806107,1.249724,0.412485,-1.747582,1.000000,0.840000,0.540000,0.100000,-0.100000,1.249724
538,-1.319995,1.530226,-5.823583,1.248578,0.419132,-1.741049,1.000000,0.860000,0.520000,0.100000,-0.100000,1.248578
539,-1.310664,1.539521,-5.840993,1.247338,0.425600,-1.735223,1.000000,0.880000,0.520000,0.100000,-0.100000,1.247338
540,-1.301212,1.548706,-5.858345,1.246007,0.431900,-1.730071,1.000000,0.880000,0.520000,0.100000,-0.100000,1.246007
541,-1.291640,1.557776,-5.875646,1.244584,0.438044,-1.725564,1.000000,0.900000,0.520000,0.100000,-0.100000,1.244584
542,-1.281949,1.566731,-5.892902,1.243070,0.444040,-1.721676,1.000000,0.920000,0.520000,0.100000,-0.100000,1.243070
543,-1.272143,1.575567,-5.910119,1.241467,0.449898,-1.718384,1.000000,0.940000,0.520000,0.100000,0.000000,1.241467
544,-1.262222,1.584281,-5.927302,1.240604,0.456623,-1.673030,1.000000,0.960000,0.520000,0.100000,0.000000,1.240604
545,-1.252184,1.592884,-5.944033,1.239834,0.462675,-1.630077,1.000000,0.980000,0.520000,0.100000,0.100000,1.239834
546,-1.242031,1.601372,-5.960333,1.239748,0.469669,-1.522003,1.000000,1.000000,0.520000,0.100000,0.100000,1.239748
547,-1.231765,1.609759,-5.975554,1.240069,0.475175,-1.419205,1.000000,1.000000,0.520000,0.100000,0.100000,1.240069
548,-1.221385,1.618043,-5.989746,1.240806,0.479296,-1.320749,1.000000,1.000000,0.520000,0.100000,0.100000,1.240806
549,-1.210894,1.626220,-6.002953,1.241964,0.482119,-1.225839,1.000000,1.000000,0.520000,0.100000,0.100000,1.241964
550,-1.200292,1.634288,-6.015211,1.243549,0.483717,-1.133783,1.000000,1.000000,0.520000,0.100000,0.100000,1.243549
551,-1.189581,1.642245,-6.026549,1.245564,0.484152,-1.043974,1.000000,1.000000,0.520000,0.100000,0.100000,1.245564
552,-1.178762,1.650090,-6.036989,1.248011,0.483474,-0.955876,1.000000,1.000000,0.500000,0.100000,0.100000,1.248011
553,-1.167837,1.657820,-6.046548,1.250892,0.481725,-0.869011,1.000000,1.000000,0.500000,0.100000,0.100000,1.250892
554,-1.156806,1.665436,-6.055238,1.254207,0.478940,-0.782946,1.000000,1.000000,0.500000,0.100000,0.100000,1.254207
555,-1.145670,1.672935,-6.063067,1.257956,0.475146,-0.697289,1.000000,1.000000,0.500000,0.100000,0.100000,1.257956
556,-1.134432,1.680319,-6.070040,1.262137,0.470365,-0.611681,1.000000,1.000000,0.480000,0.100000,0.100000,1.262137
557,-1.123091,1.687586,-6.076157,1.266750,0.464614,-0.525796,1.000000,1.000000,0.480000,0.000000,0.100000,1.266750
558,-1.111649,1.694737,-6.081415,1.264789,0.457902,-0.439331,1.000000,1.000000,0.480000,0.000000,0.100000,1.264789
559,-1.100175,1.701758,-6.085808,1.263256,0.450167,-0.352784,1.000000,1.000000,0.460000,0.000000,0.100000,1.263256
560,-1.088671,1.708649,-6.089336,1.262140,0.441434,-0.265841,1.000000,1.000000,0.460000,0.100000,0.100000,1.262140
561,-1.077136,1.715412,-6.091995,1.268432,0.431726,-0.178223,1.000000,1.000000,0.460000,0.000000,0.100000,1.268432
562,-1.065503,1.722061,-6.093777,1.268115,0.421117,-0.088948,1.000000,1.000000,0.440000,0.000000,0.100000,1.268115
563,-1.053842,1.728584,-6.094666,1.268181,0.409554,0.001404,1.000000,1.000000,0.440000,0.000000,0.100000,1.268181
564,-1.042152,1.734984,-6.094652,1.268616,0.397051,0.093000,1.000000,0.980000,0.420000,0.000000,0.100000,1.268616
565,-1.030435,1.741262,-6.093722,1.269400,0.383624,0.185954,1.000000,0.980000,0.420000,0.000000,0.100000,1.269400
566,-1.018691,1.747420,-6.091863,1.270512,0.369290,0.280318,1.000000,0.960000,0.400000,0.000000,0.000000,1.270512
567,-1.006920,1.753462,-6.089059,1.271409,0.352262,0.298839,1.000000,0.960000,0.400000,0.000000,0.000000,1.271409
568,-0.995124,1.759371,-6.086071,1.272324,0.335319,0.317999,1.000000,0.940000,0.380000,0.000000,0.000000,1.272324
569,-0.983304,1.765151,-6.082891,1.273252,0.318476,0.337564,1.000000,0.940000,0.360000,0.000000,0.000000,1.273252
570,-0.971459,1.770805,-6.079515,1.274189,0.301751,0.357269,1.000000,0.920000,0.360000,0.000000,-0.100000,1.274189
571,-0.959591,1.776337,-6.075943,1.274367,0.283769,0.317101,1.000000,0.880000,0.340000,0.000000,-0.100000,1.274367
572,-0.947704,1.781736,-6.072772,1.274384,0.266658,0.274714,1.000000,0.840000,0.340000,0.000000,-0.200000,1.274384
573,-0.935798,1.787006,-6.070025,1.273324,0.249547,0.191349,1.000000,0.820000,0.320000,0.000000,-0.200000,1.273324
574,-0.923881,1.792139,-6.068111,1.272034,0.233810,0.103891,1.000000,0.780000,0.320000,0.000000,-0.300000,1.272034
575,-0.911953,1.797138,-6.067072,1.269534,0.218981,-0.008826,1.000000,0.760000,0.320000,0.000000,-0.300000,1.269534
576,-0.900022,1.801999,-6.067160,1.266795,0.205823,-0.126076,1.000000,0.740000,0.300000,0.000000,-0.400000,1.266795
577,-0.888090,1.806725,-6.068421,1.262825,0.194182,-0.254670,1.000000,0.740000,0.300000,0.100000,-0.400000,1.262825
578,-0.876166,1.811313,-6.070968,1.265640,0.184314,-0.386754,1.000000,0.720000,0.300000,0.000000,-0.400000,1.265640
579,-0.864182,1.815781,-6.074835,1.261254,0.176269,-0.521808,1.000000,0.720000,0.280000,0.100000,-0.400000,1.261254
580,-0.852206,1.820114,-6.080054,1.263677,0.169997,-0.657678,1.000000,0.720000,0.280000,0.000000,-0.400000,1.263677
581,-0.840172,1.824328,-6.086630,1.258918,0.165530,-0.793815,1.000000,0.720000,0.280000,0.100000,-0.400000,1.258918
582,-0.828149,1.828410,-6.094569,1.260975,0.162759,-0.928116,1.000000,0.740000,0.280000,0.100000,-0.400000,1.260975
583,-0.816068,1.832374,-6.103850,1.262847,0.161701,-1.060194,1.000000,0.760000,0.280000,0.100000,-0.400000,1.262847
584,-0.803930,1.836217,-6.114452,1.264522,0.162296,-1.188940,1.000000,0.780000,0.280000,0.000000,-0.400000,1.264522
585,-0.791737,1.839941,-6.126341,1.258986,0.164471,-1.313392,1.000000,0.780000,0.280000,0.100000,-0.400000,1.258986
586,-0.779559,1.843532,-6.139475,1.260223,0.168034,-1.431950,1.000000,0.760000,0.280000,0.100000,-0.400000,1.260223
587,-0.767327,1.847000,-6.153794,1.261214,0.172990,-1.544861,1.000000,0.760000,0.280000,0.100000,-0.400000,1.261214
588,-0.755044,1.850342,-6.169243,1.261936,0.179248,-1.651655,1.000000,0.740000,0.280000,0.100000,-0.400000,1.261936
589,-0.742710,1.853558,-6.185760,1.262364,0.186710,-1.752016,1.000000,0.800000,0.280000,0.100000,-0.400000,1.262364
590,-0.730328,1.856644,-6.203280,1.262474,0.195278,-1.845773,1.000000,0.940000,0.280000,0.100000,0.000000,1.262474
591,-0.717899,1.859598,-6.221737,1.265734,0.209799,-1.721422,1.000000,1.000000,0.300000,0.000000,0.100000,1.265734
592,-0.705395,1.862470,-6.238952,1.262065,0.225207,-1.483104,1.000000,1.000000,0.300000,0.100000,0.100000,1.262065
593,-0.692886,1.865278,-6.253783,1.265722,0.236904,-1.262954,1.000000,1.000000,0.300000,0.000000,0.100000,1.265722
594,-0.680304,1.868018,-6.266412,1.262768,0.245419,-1.058116,1.000000,1.000000,0.300000,0.100000,0.100000,1.262768
595,-0.667719,1.870683,-6.276993,1.267243,0.250942,-0.866451,1.000000,1.000000,0.300000,0.000000,0.100000,1.267243
596,-0.655063,1.873271,-6.285658,1.265163,0.253874,-0.685634,1.000000,1.000000,0.300000,0.000000,0.100000,1.265163
597,-0.642405,1.875779,-6.292514,1.263536,0.254343,-0.514324,0.980000,1.000000,0.300000,0.000000,0.100000,1.263536
598,-0.629746,1.878204,-6.297658,1.262354,0.252569,-0.351160,0.980000,1.000000,0.300000,0.100000,0.100000,1.262354
599,-0.617087,1.880547,-6.301169,1.268601,0.248745,-0.195068,0.960000,1.000000,0.300000,0.000000,0.100000,1.268601
600,-0.604359,1.882806,-6.303120,1.268247,0.243105,-0.044899,0.960000,1.000000,0.300000,0.000000,0.100000,1.268247
601,-0.591630,1.884984,-6.303569,1.268266,0.235726,0.099525,0.980000,1.000000,0.300000,0.000000,0.100000,1.268266
602,-0.578902,1.887082,-6.302574,1.268623,0.226757,0.238542,0.980000,1.000000,0.280000,0.000000,0.100000,1.268623
603,-0.566174,1.889103,-6.300188,1.269274,0.216336,0.372274,1.000000,1.000000,0.280000,0.000000,0.100000,1.269274
604,-0.553447,1.891050,-6.296465,1.270176,0.204601,0.500645,1.000000,1.000000,0.280000,0.000000,0.100000,1.270176
605,-0.540719,1.892928,-6.291459,1.271278,0.191689,0.623401,1.000000,1.000000,0.260000,0.000000,0.100000,1.271278
606,-0.527991,1.894739,-6.285225,1.272529,0.177736,0.740130,1.000000,1.000000,0.260000,0.000000,0.100000,1.272529
607,-0.515262,1.896491,-6.277824,1.273875,0.162884,0.850310,1.000000,1.000000,0.240000,0.000000,0.100000,1.273875
608,-0.502532,1.898188,-6.269321,1.275263,0.147279,0.953346,1.000000,1.000000,0.240000,0.000000,0.100000,1.275263
609,-0.489801,1.899837,-6.259787,1.276641,0.131067,1.048636,1.000000,1.000000,0.240000,0.000000,0.100000,1.276641
610,-0.477069,1.901446,-6.249301,1.277956,0.114399,1.135633,1.000000,1.000000,0.220000,0.000000,0.100000,1.277956
611,-0.464335,1.903022,-6.237944,1.279161,0.097421,1.213908,1.000000,0.840000,0.220000,0.000000,-0.200000,1.279161
612,-0.451601,1.904574,-6.225805,1.278780,0.073355,0.987124,1.000000,0.640000,0.200000,0.000000,-0.400000,1.278780
613,-0.438876,1.906040,-6.215934,1.275942,0.051552,0.693628,1.000000,0.540000,0.200000,0.000000,-0.500000,1.275942
614,-0.426180,1.907412,-6.208998,1.271765,0.033889,0.386810,1.000000,0.480000,0.200000,0.000000,-0.600000,1.271765
615,-0.413523,1.908692,-6.205130,1.266427,0.020611,0.081202,1.000000,0.460000,0.180000,0.000000,-0.600000,1.266427
616,-0.400913,1.909885,-6.204318,1.261006,0.011349,-0.226667,1.000000,0.460000,0.180000,0.100000,-0.600000,1.261006
617,-0.388351,1.910992,-6.206584,1.262569,0.005985,-0.531645,1.000000,0.440000,0.180000,0.100000,-0.600000,1.262569
618,-0.375767,1.912018,-6.211901,1.264146,0.004381,-0.829147,1.000000,0.440000,0.180000,0.000000,-0.600000,1.264146
619,-0.363161,1.912962,-6.220192,1.258735,0.006350,-1.114967,1.000000,0.480000,0.180000,0.100000,-0.600000,1.258735
620,-0.350602,1.913818,-6.231342,1.260301,0.011579,-1.385149,1.000000,0.560000,0.180000,0.100000,-0.500000,1.260301
621,-0.338022,1.914586,-6.245193,1.262798,0.019801,-1.639909,1.000000,0.760000,0.200000,0.100000,-0.400000,1.262798
622,-0.325411,1.915264,-6.261592,1.266214,0.031166,-1.860626,1.000000,0.920000,0.200000,0.000000,-0.100000,1.266214
623,-0.312758,1.915849,-6.280199,1.265250,0.049846,-1.848857,1.000000,0.900000,0.200000,0.000000,-0.100000,1.265250
624,-0.300107,1.916385,-6.298687,1.263901,0.067500,-1.834095,1.000000,1.000000,0.220000,0.000000,0.100000,1.263901
625,-0.287460,1.916864,-6.317028,1.262260,0.090106,-1.562951,1.000000,1.000000,0.220000,0.100000,0.100000,1.262260
626,-0.274814,1.917337,-6.332658,1.267519,0.108264,-1.307170,1.000000,1.000000,0.240000,0.000000,0.100000,1.267519
627,-0.262100,1.917792,-6.345729,1.265830,0.122477,-1.067747,1.000000,1.000000,0.240000,0.000000,0.100000,1.265830
628,-0.249390,1.918223,-6.356407,1.264299,0.132999,-0.843706,1.000000,1.000000,0.260000,0.000000,0.100000,1.264299
629,-0.236684,1.918625,-6.364844,1.262996,0.140193,-0.634161,1.000000,1.000000,0.260000,0.100000,0.100000,1.262996
630,-0.223982,1.918992,-6.371186,1.268959,0.144397,-0.438051,1.000000,1.000000,0.260000,0.000000,0.100000,1.268959
631,-0.211214,1.919315,-6.375566,1.268199,0.145985,-0.254430,0.980000,1.000000,0.260000,0.000000,0.100000,1.268199
632,-0.198452,1.919599,-6.378110,1.267718,0.145160,-0.082241,1.000000,1.000000,0.260000,0.000000,0.100000,1.267718
633,-0.185694,1.919842,-6.378933,1.267499,0.142180,0.079242,1.000000,1.000000,0.260000,0.000000,0.100000,1.267499
634,-0.172941,1.920046,-6.378140,1.267517,0.137285,0.230558,1.000000,1.000000,0.260000,0.000000,0.100000,1.267517
635,-0.160193,1.920210,-6.375835,1.267736,0.130695,0.372069,1.000000,1.000000,0.260000,0.000000,0.100000,1.267736
636,-0.147449,1.920339,-6.372114,1.268120,0.122622,0.503983,1.000000,1.000000,0.260000,0.000000,0.100000,1.268120
637,-0.134709,1.920434,-6.367074,1.268625,0.113263,0.626391,1.000000,1.000000,0.240000,0.000000,0.100000,1.268625
638,-0.121973,1.920500,-6.360810,1.269207,0.102809,0.739307,1.000000,1.000000,0.240000,0.000000,0.100000,1.269207
639,-0.109239,1.920541,-6.353417,1.269822,0.091441,0.842716,1.000000,0.980000,0.220000,0.000000,0.100000,1.269822
640,-0.096508,1.920562,-6.344990,1.270427,0.079332,0.936620,1.000000,0.880000,0.220000,0.000000,-0.100000,1.270427
641,-0.083779,1.920569,-6.335624,1.270526,0.061093,0.783530,1.000000,0.880000,0.200000,0.000000,-0.100000,1.270526
642,-0.071059,1.920513,-6.327789,1.270400,0.045542,0.630565,1.000000,0.860000,0.200000,0.000000,-0.200000,1.270400
643,-0.058347,1.920401,-6.321483,1.269285,0.030630,0.396194,1.000000,0.860000,0.180000,0.000000,-0.200000,1.269285
644,-0.045652,1.920221,-6.317521,1.268064,0.019185,0.164998,1.000000,0.840000,0.180000,0.000000,-0.200000,1.268064
645,-0.032972,1.919978,-6.315871,1.266807,0.011039,-0.060008,1.000000,0.840000,0.160000,0.000000,-0.200000,1.266807
646,-0.020307,1.919674,-6.316471,1.265556,0.005987,-0.276431,1.000000,0.820000,0.160000,0.000000,-0.200000,1.265556
647,-0.007657,1.919313,-6.319235,1.264332,0.003796,-0.482447,1.000000,0.820000,0.140000,0.000000,-0.200000,1.264332
648,0.004980,1.918895,-6.324060,1.263134,0.004214,-0.676715,1.000000,0.800000,0.140000,0.100000,-0.400000,1.263134
649,0.017602,1.918421,-6.330827,1.266810,0.004573,-0.961326,1.000000,0.800000,0.120000,0.000000,-0.400000,1.266810
650,0.030258,1.917863,-6.340440,1.263493,0.008358,-1.231123,1.000000,0.780000,0.120000,0.000000,-0.400000,1.263493
651,0.042877,1.917224,-6.352752,1.260130,0.015210,-1.483262,1.000000,0.860000,0.100000,0.100000,-0.200000,1.260130
652,0.055458,1.916500,-6.367584,1.265785,0.027339,-1.607409,1.000000,0.840000,0.120000,0.000000,-0.200000,1.265785
653,0.068094,1.915705,-6.383658,1.264196,0.040574,-1.718300,1.000000,0.840000,0.120000,0.000000,-0.200000,1.264196
654,0.080713,1.914841,-6.400841,1.262316,0.054605,-1.816121,1.000000,0.920000,0.140000,0.100000,-0.100000,1.262316
655,0.093313,1.913901,-6.419003,1.267885,0.071576,-1.802298,1.000000,0.900000,0.140000,0.000000,-0.100000,1.267885
656,0.105972,1.912894,-6.437026,1.266118,0.087747,-1.787028,1.000000,0.980000,0.160000,0.000000,0.100000,1.266118
657,0.118618,1.911821,-6.454896,1.264195,0.108914,-1.517700,1.000000,0.960000,0.180000,0.000000,0.000000,1.264195
658,0.131260,1.910734,-6.470073,1.262406,0.122645,-1.396252,1.000000,1.000000,0.200000,0.100000,0.100000,1.262406
659,0.143893,1.909593,-6.484035,1.267449,0.137274,-1.151998,1.000000,1.000000,0.220000,0.000000,0.100000,1.267449
660,0.156586,1.908410,-6.495555,1.265674,0.148254,-0.924333,0.840000,1.000000,0.260000,0.000000,0.100000,1.265674
661,0.169271,1.907191,-6.504799,1.264154,0.155835,-0.711654,1.000000,1.000000,0.280000,0.000000,0.100000,1.264154
662,0.181946,1.905933,-6.511915,1.262929,0.160363,-0.512645,0.820000,1.000000,0.300000,0.100000,0.100000,1.262929
663,0.194610,1.904631,-6.517042,1.269016,0.162151,-0.326059,1.000000,1.000000,0.320000,0.000000,0.100000,1.269016
664,0.207330,1.903268,-6.520302,1.268411,0.161545,-0.150829,1.000000,1.000000,0.340000,0.000000,0.100000,1.268411
665,0.220039,1.901859,-6.521810,1.268102,0.158725,0.013945,1.000000,1.000000,0.360000,0.000000,0.100000,1.268102
666,0.232736,1.900403,-6.521671,1.268063,0.153927,0.168894,1.000000,1.000000,0.360000,0.000000,0.100000,1.268063
667,0.245421,1.898904,-6.519982,1.268262,0.147371,0.314443,1.000000,1.000000,0.380000,0.000000,0.100000,1.268262
668,0.258096,1.897361,-6.516838,1.268659,0.139263,0.450826,1.000000,1.000000,0.380000,0.000000,0.100000,1.268659
669,0.270760,1.895778,-6.512329,1.269209,0.129798,0.578127,1.000000,1.000000,0.380000,0.000000,0.100000,1.269209
670,0.283415,1.894159,-6.506548,1.269869,0.119165,0.696319,1.000000,1.000000,0.360000,0.000000,0.100000,1.269869
671,0.296062,1.892509,-6.499585,1.270590,0.107544,0.805312,1.000000,1.000000,0.360000,0.000000,0.100000,1.270590
672,0.308703,1.890831,-6.491532,1.271326,0.095109,0.905002,1.000000,0.900000,0.340000,0.000000,-0.100000,1.271326
673,0.321338,1.889132,-6.482482,1.271518,0.076584,0.762472,1.000000,0.900000,0.340000,0.000000,-0.100000,1.271518
674,0.333953,1.887365,-6.474857,1.271470,0.060606,0.618927,1.000000,0.880000,0.320000,0.000000,-0.100000,1.271470
675,0.346550,1.885538,-6.468668,1.271251,0.047108,0.476432,1.000000,0.780000,0.320000,0.000000,-0.400000,1.271251
676,0.359132,1.883656,-6.463904,1.267993,0.032300,0.179091,1.000000,0.780000,0.320000,0.000000,-0.400000,1.267993
677,0.371663,1.881695,-6.462113,1.264620,0.021530,-0.119466,1.000000,0.760000,0.340000,0.000000,-0.400000,1.264620
678,0.384146,1.879656,-6.463307,1.261211,0.014673,-0.414460,1.000000,0.760000,0.340000,0.100000,-0.400000,1.261211
679,0.396580,1.877541,-6.467452,1.264807,0.011546,-0.701625,1.000000,0.740000,0.340000,0.000000,-0.400000,1.264807
680,0.409035,1.875337,-6.474468,1.261412,0.011972,-0.977533,1.000000,0.820000,0.320000,0.100000,-0.200000,1.261412
681,0.421442,1.873057,-6.484243,1.267137,0.018067,-1.135407,1.000000,0.800000,0.320000,0.000000,-0.400000,1.267137
682,0.433894,1.870703,-6.495597,1.263634,0.023499,-1.383056,1.000000,0.800000,0.300000,0.000000,-0.400000,1.263634
683,0.446296,1.868269,-6.509428,1.260018,0.031679,-1.612972,1.000000,0.880000,0.300000,0.100000,-0.100000,1.260018
684,0.458646,1.865751,-6.525558,1.266106,0.047128,-1.617119,1.000000,0.860000,0.280000,0.000000,-0.200000,1.266106
685,0.471050,1.863170,-6.541729,1.264129,0.059683,-1.717957,1.000000,0.860000,0.340000,0.000000,-0.200000,1.264129
686,0.483424,1.860515,-6.558909,1.261859,0.072957,-1.807140,1.000000,0.860000,0.420000,0.100000,-0.200000,1.261859
687,0.495765,1.857782,-6.576980,1.266263,0.086788,-1.885572,1.000000,0.840000,0.420000,0.000000,-0.200000,1.266263
688,0.508136,1.854945,-6.595836,1.263313,0.101188,-1.954921,1.000000,0.880000,0.400000,0.000000,-0.100000,1.263313
689,0.520468,1.852022,-6.615385,1.260806,0.117963,-1.926779,1.000000,0.880000,0.400000,0.100000,-0.100000,1.260806
690,0.532771,1.849026,-6.634653,1.264971,0.133684,-1.898765,1.000000,0.880000,0.460000,0.000000,-0.100000,1.264971
691,0.545108,1.845926,-6.653640,1.261838,0.148576,-1.871751,1.000000,0.920000,0.460000,0.100000,-0.100000,1.261838
692,0.557408,1.842743,-6.672358,1.265435,0.162540,-1.845319,1.000000,0.920000,0.440000,0.000000,-0.100000,1.265435
693,0.569733,1.839445,-6.690811,1.261787,0.175793,-1.820107,1.000000,0.960000,0.440000,0.100000,0.000000,1.261787
694,0.582014,1.836057,-6.709012,1.265451,0.190655,-1.691959,1.000000,0.940000,0.500000,0.000000,0.000000,1.265451
695,0.594326,1.832566,-6.725932,1.262089,0.203432,-1.573820,1.000000,0.940000,0.500000,0.100000,0.000000,1.262089
696,0.606602,1.828997,-6.741670,1.265751,0.214189,-1.464247,1.000000,0.940000,0.480000,0.000000,0.000000,1.265751
697,0.618900,1.825316,-6.756312,1.262478,0.223264,-1.362257,0.740000,0.980000,0.480000,0.100000,0.100000,1.262478
698,0.631155,1.821550,-6.769935,1.266438,0.233479,-1.147150,1.000000,0.980000,0.560000,0.000000,0.100000,1.266438
699,0.643441,1.817690,-6.781406,1.263796,0.240628,-0.946410,0.660000,0.980000,0.540000,0.000000,0.100000,1.263796
700,0.655692,1.813764,-6.790871,1.261587,0.244892,-0.758073,0.600000,0.960000,0.540000,0.100000,0.000000,1.261587
701,0.667907,1.809771,-6.798451,1.266595,0.243933,-0.692219,0.700000,0.960000,0.520000,0.000000,0.000000,1.266595
702,0.680131,1.805652,-6.805373,1.264769,0.242228,-0.628916,0.640000,0.960000,0.600000,0.000000,0.000000,1.264769
703,0.692301,1.801444,-6.811663,1.263109,0.239745,-0.568016,0.680000,0.940000,0.580000,0.100000,0.000000,1.263109
704,0.704418,1.797145,-6.817343,1.268611,0.236542,-0.509371,0.620000,0.980000,0.580000,0.000000,0.100000,1.268611
705,0.716541,1.792722,-6.822436,1.267491,0.235379,-0.340439,1.000000,0.920000,0.560000,0.000000,-0.100000,1.267491
706,0.728626,1.788234,-6.825841,1.265876,0.227623,-0.369645,0.660000,0.960000,0.560000,0.000000,0.000000,1.265876
707,0.740642,1.783646,-6.829537,1.264897,0.222303,-0.318460,1.000000,0.960000,0.540000,0.000000,0.000000,1.264897
708,0.752604,1.778973,-6.832722,1.264053,0.216494,-0.269241,1.000000,0.940000,0.620000,0.100000,0.000000,1.264053
709,0.764514,1.774217,-6.835414,1.270334,0.210243,-0.222006,1.000000,0.940000,0.620000,0.100000,0.000000,1.270334
710,0.776432,1.769343,-6.837634,1.276729,0.203652,-0.176823,1.000000,0.920000,0.600000,0.000000,-0.100000,1.276729
711,0.788359,1.764353,-6.839403,1.275588,0.194759,-0.219268,1.000000,0.920000,0.600000,0.000000,-0.100000,1.275588
712,0.800221,1.759272,-6.841595,1.274393,0.186653,-0.262044,1.000000,0.900000,0.580000,0.000000,-0.100000,1.274393
713,0.812018,1.754103,-6.844216,1.273148,0.179321,-0.304930,1.000000,0.900000,0.580000,0.000000,-0.100000,1.273148
714,0.823752,1.748847,-6.847265,1.271857,0.172747,-0.347701,1.000000,0.880000,0.560000,0.000000,-0.100000,1.271857
715,0.835423,1.743507,-6.850742,1.270524,0.166909,-0.390141,1.000000,0.880000,0.560000,0.000000,-0.100000,1.270524
716,0.847034,1.738085,-6.854643,1.269151,0.161782,-0.432039,1.000000,0.860000,0.540000,0.000000,-0.200000,1.269151
717,0.858584,1.732581,-6.858964,1.266855,0.155871,-0.535929,1.000000,0.860000,0.540000,0.000000,-0.200000,1.266855
718,0.870059,1.726991,-6.864323,1.264440,0.151392,-0.638147,1.000000,0.860000,0.520000,0.000000,-0.200000,1.264440
719,0.881458,1.721315,-6.870705,1.261909,0.148279,-0.737967,1.000000,0.840000,0.520000,0.100000,-0.200000,1.261909
720,0.892783,1.715554,-6.878084,1.266264,0.146459,-0.834755,1.000000,0.840000,0.520000,0.000000,-0.200000,1.266264
721,0.904091,1.709671,-6.886432,1.263499,0.145936,-0.928551,1.000000,0.840000,0.500000,0.000000,-0.200000,1.263499
722,0.915324,1.703704,-6.895717,1.260610,0.146553,-1.018310,1.000000,0.820000,0.540000,0.100000,-0.200000,1.260610
723,0.926481,1.697656,-6.905900,1.264587,0.148219,-1.103715,1.000000,0.820000,0.520000,0.000000,-0.200000,1.264587
724,0.937618,1.691484,-6.916938,1.261423,0.150948,-1.185135,1.000000,0.820000,0.520000,0.100000,-0.200000,1.261423
725,0.948676,1.685230,-6.928789,1.265104,0.154558,-1.261795,1.000000,0.820000,0.520000,0.000000,-0.200000,1.265104
726,0.959711,1.678853,-6.941407,1.261622,0.159074,-1.334252,1.000000,0.800000,0.500000,0.100000,-0.300000,1.261622
727,0.970665,1.672394,-6.954749,1.263947,0.163408,-1.440221,1.000000,0.800000,0.500000,0.000000,-0.300000,1.263947
728,0.981576,1.665809,-6.969152,1.259039,0.168985,-1.540580,1.000000,0.800000,0.500000,0.100000,-0.300000,1.259039
729,0.992389,1.659141,-6.984557,1.260875,0.175581,-1.634388,1.000000,0.800000,0.480000,0.100000,-0.300000,1.260875
730,1.003155,1.652347,-7.000901,1.262438,0.183223,-1.722356,1.000000,0.800000,0.520000,0.100000,-0.300000,1.262438
731,1.013870,1.645424,-7.018125,1.263704,0.191823,-1.804490,1.000000,0.800000,0.520000,0.000000,-0.300000,1.263704
732,1.024531,1.638374,-7.036170,1.257653,0.201294,-1.880885,1.000000,0.800000,0.560000,0.100000,-0.200000,1.257653
733,1.035084,1.631243,-7.054979,1.259274,0.212188,-1.917218,1.000000,0.800000,0.540000,0.100000,-0.200000,1.259274
734,1.045589,1.623981,-7.074151,1.260594,0.223335,-1.950548,1.000000,0.820000,0.540000,0.100000,-0.100000,1.260594
735,1.056041,1.616588,-7.093656,1.262500,0.236067,-1.922582,1.000000,0.820000,0.540000,0.100000,-0.100000,1.262500
736,1.066452,1.609067,-7.112882,1.264204,0.248177,-1.896509,1.000000,0.820000,0.580000,0.000000,-0.100000,1.264204
737,1.076817,1.601416,-7.131847,1.258724,0.259713,-1.872201,1.000000,0.820000,0.580000,0.100000,-0.100000,1.258724
738,1.087086,1.593687,-7.150569,1.260072,0.270556,-1.849330,1.000000,0.820000,0.580000,0.100000,-0.100000,1.260072
739,1.097300,1.585827,-7.169062,1.261265,0.280910,-1.828011,1.000000,0.840000,0.580000,0.100000,-0.100000,1.261265
740,1.107454,1.577836,-7.187343,1.262313,0.290811,-1.808138,1.000000,0.840000,0.560000,0.100000,-0.100000,1.262313
741,1.117545,1.569714,-7.205424,1.263226,0.300291,-1.789613,1.000000,0.840000,0.620000,0.100000,-0.100000,1.263226
742,1.127569,1.561460,-7.223320,1.264013,0.309379,-1.772347,1.000000,0.860000,0.600000,0.000000,-0.100000,1.264013
743,1.137521,1.553076,-7.241044,1.257681,0.318101,-1.756258,0.340000,0.860000,0.600000,0.100000,-0.100000,1.257681
744,1.147358,1.544619,-7.258606,1.258235,0.326331,-1.741186,1.000000,0.860000,0.600000,0.100000,-0.100000,1.258235
745,1.157116,1.536031,-7.276018,1.258686,0.334246,-1.727152,0.320000,0.880000,0.600000,0.100000,-0.100000,1.258686
746,1.166793,1.527315,-7.293290,1.259038,0.341866,-1.714092,1.000000,0.960000,0.600000,0.100000,0.000000,1.259038
747,1.176383,1.518470,-7.310430,1.260043,0.350685,-1.638869,1.000000,0.980000,0.600000,0.100000,0.100000,1.260043
748,1.185901,1.509499,-7.326819,1.261555,0.360575,-1.474652,1.000000,0.980000,0.600000,0.100000,0.100000,1.261555
749,1.195364,1.500411,-7.341566,1.263523,0.368129,-1.320643,1.000000,1.000000,0.600000,0.000000,0.100000,1.263523
750,1.204767,1.491203,-7.354772,1.258967,0.373549,-1.174962,1.000000,1.000000,0.600000,0.100000,0.100000,1.258967
751,1.214074,1.481938,-7.366522,1.261903,0.376872,-1.036792,1.000000,1.000000,0.580000,0.100000,0.100000,1.261903
752,1.223314,1.472554,-7.376890,1.265332,0.378388,-0.904006,1.000000,1.000000,0.580000,0.000000,0.100000,1.265332
753,1.232486,1.463051,-7.385930,1.262254,0.378208,-0.775528,1.000000,1.000000,0.580000,0.100000,0.100000,1.262254
754,1.241556,1.453493,-7.393685,1.266672,0.376327,-0.651171,1.000000,1.000000,0.580000,0.000000,0.100000,1.266672
755,1.250554,1.443816,-7.400197,1.264572,0.372942,-0.529373,1.000000,1.000000,0.560000,0.000000,0.100000,1.264572
756,1.259450,1.434085,-7.405490,1.262950,0.368035,-0.410200,1.000000,1.000000,0.560000,0.100000,0.100000,1.262950
757,1.268242,1.424300,-7.409592,1.268791,0.361686,-0.293045,1.000000,1.000000,0.560000,0.000000,0.100000,1.268791
758,1.276963,1.414400,-7.412523,1.268073,0.354035,-0.176745,1.000000,0.980000,0.540000,0.000000,0.100000,1.268073
759,1.285581,1.404447,-7.414290,1.267783,0.345059,-0.061637,1.000000,0.980000,0.540000,0.000000,0.100000,1.267783
760,1.294100,1.394444,-7.414907,1.267896,0.334818,0.052576,1.000000,0.960000,0.520000,0.000000,0.000000,1.267896
761,1.302521,1.384391,-7.414381,1.267935,0.321352,0.079833,1.000000,0.940000,0.520000,0.000000,0.000000,1.267935
762,1.310825,1.374285,-7.413583,1.268055,0.307828,0.107326,1.000000,0.920000,0.500000,0.000000,-0.100000,1.268055
763,1.319015,1.364126,-7.412509,1.267486,0.292868,0.075203,1.000000,0.920000,0.500000,0.000000,-0.100000,1.267486
764,1.327079,1.353918,-7.411757,1.266821,0.278598,0.041808,1.000000,0.900000,0.480000,0.000000,-0.100000,1.266821
765,1.335018,1.343661,-7.411339,1.266067,0.265038,0.007148,1.000000,0.880000,0.480000,0.000000,-0.100000,1.266067
766,1.342836,1.333356,-7.411268,1.265229,0.252205,-0.028741,1.000000,0.860000,0.460000,0.000000,-0.200000,1.265229
767,1.350535,1.323004,-7.411555,1.263394,0.239126,-0.108051,1.000000,0.840000,0.460000,0.000000,-0.200000,1.263394
768,1.358105,1.312610,-7.412636,1.261394,0.227287,-0.189681,1.000000,0.840000,0.460000,0.100000,-0.200000,1.261394
769,1.365548,1.302175,-7.414532,1.266241,0.216697,-0.273129,1.000000,0.820000,0.440000,0.000000,-0.200000,1.266241
770,1.372896,1.291638,-7.417264,1.263948,0.207406,-0.358374,1.000000,0.820000,0.440000,0.000000,-0.200000,1.263948
771,1.380122,1.281062,-7.420847,1.261522,0.199368,-0.444274,1.000000,0.820000,0.420000,0.100000,-0.200000,1.261522
772,1.387226,1.270449,-7.425290,1.265971,0.192563,-0.530235,1.000000,0.800000,0.420000,0.000000,-0.300000,1.265971
773,1.394240,1.259735,-7.430593,1.262293,0.186341,-0.645518,1.000000,0.800000,0.420000,0.100000,-0.300000,1.262293
774,1.401125,1.248992,-7.437048,1.265450,0.181633,-0.760131,1.000000,0.800000,0.420000,0.000000,-0.300000,1.265450
775,1.407910,1.238157,-7.444649,1.261442,0.178467,-0.873871,1.000000,0.800000,0.400000,0.100000,-0.300000,1.261442
776,1.414568,1.227295,-7.453388,1.264268,0.176719,-0.985160,1.000000,0.800000,0.400000,0.000000,-0.300000,1.264268
777,1.421125,1.216343,-7.463239,1.259921,0.176410,-1.093964,1.000000,0.800000,0.400000,0.100000,-0.300000,1.259921
778,1.427555,1.205365,-7.474179,1.262391,0.177382,-1.198889,1.000000,0.820000,0.400000,0.100000,-0.200000,1.262391
779,1.433883,1.194298,-7.486168,1.265681,0.180466,-1.265561,1.000000,0.820000,0.400000,0.000000,-0.200000,1.265681
780,1.440118,1.183137,-7.498824,1.261810,0.184352,-1.329029,1.000000,0.960000,0.400000,0.100000,0.000000,1.261810
781,1.446234,1.171947,-7.512114,1.266224,0.192641,-1.227228,1.000000,0.980000,0.400000,0.000000,0.100000,1.266224
782,1.452294,1.160664,-7.524386,1.263796,0.202318,-1.007860,1.000000,1.000000,0.380000,0.000000,0.100000,1.263796
783,1.458299,1.149361,-7.534465,1.261731,0.208764,-0.803081,1.000000,1.000000,0.380000,0.100000,0.100000,1.261731
784,1.464244,1.138038,-7.542496,1.267060,0.212306,-0.610998,1.000000,1.000000,0.380000,0.000000,0.100000,1.267060
785,1.470148,1.126628,-7.548605,1.265787,0.213318,-0.429829,1.000000,1.000000,0.380000,0.000000,0.100000,1.265787
786,1.475988,1.115197,-7.552904,1.264908,0.211950,-0.258405,1.000000,1.000000,0.380000,0.000000,0.100000,1.264908
787,1.481763,1.103745,-7.555488,1.264408,0.208428,-0.095693,1.000000,1.000000,0.360000,0.000000,0.100000,1.264408
788,1.487474,1.092273,-7.556445,1.264259,0.202957,0.059065,1.000000,1.000000,0.360000,0.000000,0.100000,1.264259
789,1.493121,1.080781,-7.555854,1.264428,0.195723,0.206370,1.000000,1.000000,0.360000,0.000000,0.100000,1.264428
790,1.498706,1.069270,-7.553790,1.264873,0.186902,0.346489,1.000000,1.000000,0.340000,0.000000,0.100000,1.264873
791,1.504231,1.057739,-7.550326,1.265551,0.176663,0.479478,1.000000,1.000000,0.340000,0.000000,0.100000,1.265551
792,1.509701,1.046191,-7.545531,1.266413,0.165169,0.605216,1.000000,1.000000,0.320000,0.000000,0.100000,1.266413
793,1.515120,1.034626,-7.539479,1.267409,0.152582,0.723441,1.000000,1.000000,0.320000,0.000000,0.100000,1.267409
794,1.520491,1.023045,-7.532244,1.268487,0.139063,0.833797,1.000000,0.840000,0.300000,0.000000,-0.200000,1.268487
795,1.525822,1.011451,-7.523906,1.268022,0.118298,0.659107,1.000000,0.680000,0.300000,0.000000,-0.400000,1.268022
796,1.531051,0.999839,-7.517315,1.265181,0.099197,0.428545,1.000000,0.660000,0.280000,0.000000,-0.400000,1.265181
797,1.536166,0.988225,-7.513030,1.262028,0.083405,0.188905,1.000000,0.640000,0.280000,0.100000,-0.400000,1.262028
798,1.541172,0.976610,-7.511141,1.265648,0.070937,-0.055899,1.000000,0.620000,0.280000,0.000000,-0.400000,1.265648
799,1.546095,0.964929,-7.511700,1.262110,0.061769,-0.302404,1.000000,0.620000,0.260000,0.100000,-0.400000,1.262110
800,1.550913,0.953247,-7.514724,1.265459,0.055811,-0.546495,1.000000,0.600000,0.260000,0.000000,-0.500000,1.265459
801,1.555651,0.941499,-7.520189,1.260673,0.052824,-0.791671,1.000000,0.600000,0.260000,0.100000,-0.500000,1.260673
802,1.560280,0.929762,-7.528105,1.262792,0.052799,-1.028874,1.000000,0.600000,0.260000,0.100000,-0.500000,1.262792
803,1.564823,0.917967,-7.538394,1.264799,0.055620,-1.255837,1.000000,0.740000,0.260000,0.000000,-0.400000,1.264799
804,1.569277,0.906117,-7.550952,1.260715,0.061295,-1.461840,1.000000,1.000000,0.240000,0.100000,0.100000,1.260715
805,1.573624,0.894267,-7.565571,1.266426,0.079455,-1.215142,1.000000,1.000000,0.240000,0.000000,0.100000,1.266426
806,1.577988,0.882352,-7.577722,1.265126,0.093781,-0.982542,1.000000,1.000000,0.240000,0.000000,0.100000,1.265126
807,1.582341,0.870436,-7.587548,1.263919,0.104502,-0.763800,1.000000,1.000000,0.240000,0.000000,0.100000,1.263919
808,1.586677,0.858518,-7.595186,1.262877,0.111958,-0.558665,1.000000,1.000000,0.240000,0.100000,0.100000,1.262877
809,1.590991,0.846596,-7.600772,1.269040,0.116473,-0.366562,1.000000,1.000000,0.300000,0.000000,0.100000,1.269040
810,1.595298,0.834602,-7.604438,1.268423,0.118407,-0.186963,1.000000,1.000000,0.220000,0.000000,0.100000,1.268423
811,1.599578,0.822603,-7.606308,1.268030,0.117975,-0.018988,1.000000,1.000000,0.300000,0.000000,0.100000,1.268030
812,1.603830,0.810599,-7.606497,1.267847,0.115436,0.137917,0.980000,1.000000,0.280000,0.000000,0.100000,1.267847
813,1.608055,0.798590,-7.605118,1.267850,0.111034,0.284191,0.980000,1.000000,0.280000,0.000000,0.100000,1.267850
814,1.612254,0.786575,-7.602276,1.268009,0.104996,0.420154,0.960000,1.000000,0.280000,0.000000,0.100000,1.268009
815,1.616429,0.774556,-7.598075,1.268289,0.097538,0.546030,1.000000,1.000000,0.260000,0.000000,0.100000,1.268289
816,1.620583,0.762533,-7.592615,1.268650,0.088859,0.661973,1.000000,1.000000,0.260000,0.000000,0.100000,1.268650
817,1.624720,0.750507,-7.585995,1.269055,0.079151,0.768103,1.000000,1.000000,0.260000,0.000000,0.100000,1.269055
818,1.628843,0.738479,-7.578314,1.269463,0.068594,0.864547,1.000000,1.000000,0.240000,0.000000,0.100000,1.269463
819,1.632959,0.726451,-7.569668,1.269837,0.057358,0.951466,1.000000,1.000000,0.240000,0.000000,0.100000,1.269837
820,1.637071,0.714423,-7.560154,1.270142,0.045598,1.029085,1.000000,1.000000,0.220000,0.000000,0.100000,1.270142
821,1.641186,0.702398,-7.549863,1.270349,0.033462,1.097714,1.000000,0.560000,0.220000,0.000000,-0.500000,1.270349
822,1.645310,0.690377,-7.538886,1.266192,0.011563,0.750712,1.000000,0.400000,0.220000,0.000000,-0.600000,1.266192
823,1.649343,0.678375,-7.531379,1.260827,-0.005355,0.401037,1.000000,0.400000,0.200000,0.100000,-0.700000,1.260827
824,1.653290,0.666400,-7.527368,1.261479,-0.017257,0.062185,1.000000,0.380000,0.200000,0.100000,-0.700000,1.261479
825,1.657174,0.654397,-7.526746,1.262167,-0.024839,-0.276395,1.000000,0.360000,0.200000,0.100000,-0.700000,1.262167
826,1.660996,0.642365,-7.529510,1.262953,-0.028221,-0.609205,1.000000,0.360000,0.180000,0.100000,-0.700000,1.262953
827,1.664754,0.630304,-7.535602,1.263859,-0.027585,-0.931175,1.000000,0.360000,0.180000,0.000000,-0.700000,1.263859
828,1.668449,0.618215,-7.544914,1.257861,-0.023165,-1.237726,1.000000,0.480000,0.180000,0.100000,-0.600000,1.257861
829,1.672054,0.606162,-7.557291,1.259843,-0.015634,-1.537525,1.000000,0.500000,0.180000,0.100000,-0.600000,1.259843
830,1.675588,0.594068,-7.572667,1.261780,-0.004766,-1.814412,1.000000,1.000000,0.180000,0.100000,0.100000,1.261780
831,1.679045,0.581933,-7.590811,1.268313,0.020817,-1.564512,1.000000,1.000000,0.180000,0.000000,0.100000,1.268313
832,1.682545,0.569741,-7.606456,1.267499,0.042247,-1.321867,1.000000,1.000000,0.180000,0.000000,0.100000,1.267499
833,1.686060,0.557555,-7.619674,1.266513,0.059645,-1.088958,0.960000,1.000000,0.180000,0.000000,0.100000,1.266513
834,1.689581,0.545375,-7.630564,1.265491,0.073303,-0.867614,0.900000,1.000000,0.180000,0.000000,0.100000,1.265491
835,1.693100,0.533197,-7.639240,1.264529,0.083532,-0.658642,0.880000,1.000000,0.180000,0.000000,0.100000,1.264529
836,1.696611,0.521020,-7.645827,1.263692,0.090646,-0.462189,0.880000,1.000000,0.160000,0.000000,0.100000,1.263692
837,1.700109,0.508843,-7.650448,1.263017,0.094949,-0.278032,0.860000,1.000000,0.160000,0.100000,0.100000,1.263017
838,1.703592,0.496666,-7.653229,1.269520,0.096731,-0.105778,0.860000,1.000000,0.160000,0.000000,0.100000,1.269520
839,1.707071,0.484418,-7.654287,1.269199,0.096296,0.054905,0.860000,1.000000,0.160000,0.000000,0.100000,1.269199
840,1.710533,0.472170,-7.653738,1.269043,0.093857,0.204594,0.880000,1.000000,0.140000,0.000000,0.100000,1.269043
841,1.713977,0.459919,-7.651692,1.269031,0.089650,0.343632,0.900000,1.000000,0.140000,0.000000,0.100000,1.269031
842,1.717405,0.447668,-7.648255,1.269134,0.083900,0.472293,0.940000,1.000000,0.140000,0.000000,0.100000,1.269134
843,1.720818,0.435416,-7.643532,1.269321,0.076817,0.590807,1.000000,1.000000,0.120000,0.000000,0.100000,1.269321
844,1.724221,0.423163,-7.637624,1.269557,0.068598,0.699372,1.000000,1.000000,0.120000,0.000000,0.100000,1.269557
845,1.727617,0.410911,-7.630631,1.269806,0.059428,0.798187,1.000000,1.000000,0.120000,0.000000,0.100000,1.269806
846,1.731009,0.398660,-7.622649,1.270035,0.049482,0.887478,1.000000,1.000000,0.120000,0.000000,0.100000,1.270035
847,1.734402,0.386411,-7.613774,1.270210,0.038921,0.967517,1.000000,1.000000,0.100000,0.000000,0.100000,1.270210
848,1.737802,0.374166,-7.604099,1.270304,0.027891,1.038639,1.000000,1.000000,0.100000,0.000000,0.100000,1.270304
849,1.741214,0.361927,-7.593712,1.270289,0.016529,1.101248,1.000000,0.960000,0.100000,0.000000,0.000000,1.270289
850,1.744642,0.349694,-7.582700,1.270334,0.001896,1.024977,1.000000,0.920000,0.080000,0.000000,-0.100000,1.270334
851,1.748065,0.337461,-7.572450,1.269850,-0.013911,0.827451,1.000000,0.880000,0.080000,0.000000,-0.100000,1.269850
852,1.751459,0.325223,-7.564176,1.269277,-0.026508,0.637212,1.000000,0.840000,0.080000,0.000000,-0.200000,1.269277
853,1.754832,0.312984,-7.557803,1.267919,-0.038511,0.353671,1.000000,0.820000,0.080000,0.000000,-0.200000,1.267919
854,1.758165,0.300745,-7.554267,1.266663,-0.046501,0.081208,1.000000,0.800000,0.060000,0.000000,-0.400000,1.266663
855,1.761460,0.288505,-7.553455,1.263415,-0.053485,-0.293747,1.000000,0.240000,0.060000,0.000000,-0.800000,1.263415
856,1.764689,0.276279,-7.556392,1.256482,-0.055351,-0.639873,1.000000,0.780000,0.060000,0.100000,-0.400000,1.256482
857,1.767844,0.264104,-7.562791,1.260727,-0.053417,-0.985881,1.000000,0.800000,0.060000,0.100000,-0.400000,1.260727
858,1.770952,0.251874,-7.572650,1.265172,-0.047390,-1.311466,1.000000,0.820000,0.040000,0.000000,-0.200000,1.265172
859,1.774009,0.239588,-7.585764,1.264890,-0.034470,-1.478730,1.000000,0.840000,0.120000,0.000000,-0.200000,1.264890
860,1.777029,0.227300,-7.600552,1.264464,-0.020096,-1.628470,1.000000,0.880000,0.120000,0.000000,-0.100000,1.264464
861,1.780005,0.215009,-7.616836,1.264511,-0.001844,-1.645648,1.000000,0.920000,0.120000,0.000000,-0.100000,1.264511
862,1.782958,0.202714,-7.633293,1.264219,0.015711,-1.656547,1.000000,0.960000,0.100000,0.000000,0.000000,1.264219
863,1.785878,0.190413,-7.649858,1.263822,0.035580,-1.531950,1.000000,0.940000,0.100000,0.000000,0.000000,1.263822
864,1.788789,0.178109,-7.665178,1.263141,0.052899,-1.412731,1.000000,0.920000,0.100000,0.100000,-0.100000,1.263141
865,1.791679,0.165801,-7.679305,1.268933,0.064927,-1.425281,1.000000,0.960000,0.100000,0.000000,0.000000,1.268933
866,1.794524,0.153418,-7.693558,1.267870,0.079573,-1.310565,1.000000,1.000000,0.100000,0.000000,0.100000,1.267870
867,1.797334,0.141029,-7.706664,1.266485,0.095119,-1.071886,1.000000,1.000000,0.100000,0.000000,0.100000,1.266485
868,1.800134,0.128641,-7.717382,1.265177,0.106925,-0.847382,1.000000,1.000000,0.100000,0.000000,0.100000,1.265177
869,1.802916,0.116253,-7.725856,1.264026,0.115341,-0.636843,1.000000,1.000000,0.100000,0.000000,0.100000,1.264026
870,1.805676,0.103863,-7.732225,1.263083,0.120700,-0.439666,1.000000,1.000000,0.080000,0.100000,0.100000,1.263083
871,1.808408,0.091473,-7.736621,1.269370,0.123315,-0.255109,1.000000,1.000000,0.080000,0.000000,0.100000,1.269370
872,1.811119,0.079011,-7.739172,1.268890,0.123526,-0.082547,1.000000,1.000000,0.160000,0.000000,0.100000,1.268890
873,1.813799,0.066547,-7.739998,1.268636,0.121538,0.078819,1.000000,0.980000,0.160000,0.000000,0.100000,1.268636
874,1.816450,0.054081,-7.739210,1.268586,0.117599,0.229489,1.000000,0.980000,0.160000,0.000000,0.100000,1.268586
875,1.819071,0.041613,-7.736915,1.268711,0.111941,0.369830,1.000000,0.960000,0.160000,0.000000,0.000000,1.268711
876,1.821664,0.029144,-7.733217,1.268988,0.101781,0.371739,1.000000,0.960000,0.140000,0.000000,0.000000,1.268988
877,1.824204,0.016669,-7.729499,1.269229,0.092065,0.371230,1.000000,0.960000,0.140000,0.000000,0.000000,1.269229
878,1.826693,0.004189,-7.725787,1.269433,0.082812,0.368453,1.000000,0.940000,0.220000,0.000000,0.000000,1.269433
879,1.829137,-0.008295,-7.722102,1.269600,0.074035,0.363587,1.000000,0.940000,0.220000,0.000000,0.000000,1.269600
880,1.831541,-0.020784,-7.718466,1.269732,0.065744,0.356829,1.000000,0.920000,0.220000,0.000000,-0.100000,1.269732
881,1.833907,-0.033276,-7.714898,1.269376,0.055265,0.233824,1.000000,0.920000,0.200000,0.000000,-0.100000,1.269376
882,1.836215,-0.045770,-7.712560,1.268942,0.046780,0.113975,1.000000,0.900000,0.200000,0.000000,-0.100000,1.268942
883,1.838466,-0.058267,-7.711420,1.268455,0.040167,-0.001727,1.000000,0.900000,0.200000,0.000000,-0.100000,1.268455
884,1.840666,-0.070766,-7.711437,1.267934,0.035294,-0.112519,1.000000,0.880000,0.200000,0.000000,-0.100000,1.267934
885,1.842817,-0.083266,-7.712563,1.267390,0.032021,-0.217840,1.000000,0.880000,0.280000,0.000000,-0.100000,1.267390
886,1.844920,-0.095769,-7.714741,1.266830,0.030207,-0.317304,1.000000,0.860000,0.180000,0.000000,-0.200000,1.266830
887,1.846978,-0.108272,-7.717914,1.265454,0.027497,-0.505358,1.000000,0.860000,0.280000,0.000000,-0.200000,1.265454
888,1.848966,-0.120773,-7.722968,1.264060,0.027192,-0.683577,1.000000,0.840000,0.280000,0.000000,-0.200000,1.264060
889,1.850887,-0.133269,-7.729803,1.262637,0.029069,-0.850974,1.000000,0.820000,0.280000,0.100000,-0.200000,1.262637
890,1.852740,-0.145763,-7.738313,1.268163,0.032903,-1.006904,1.000000,0.820000,0.360000,0.000000,-0.200000,1.268163
891,1.854530,-0.158321,-7.748382,1.266605,0.038548,-1.151455,1.000000,0.800000,0.360000,0.000000,-0.400000,1.266605
892,1.856249,-0.170876,-7.759897,1.262810,0.043513,-1.378454,1.000000,0.800000,0.380000,0.100000,-0.400000,1.262810
893,1.857868,-0.183408,-7.773681,1.265864,0.050997,-1.589744,1.000000,0.900000,0.380000,0.000000,-0.100000,1.265864
894,1.859392,-0.195985,-7.789579,1.264607,0.065368,-1.591514,1.000000,0.900000,0.380000,0.000000,-0.100000,1.264607
895,1.860858,-0.208562,-7.805494,1.263090,0.079099,-1.590054,1.000000,0.880000,0.400000,0.100000,-0.100000,1.263090
896,1.862260,-0.221140,-7.821394,1.268328,0.092194,-1.585960,1.000000,0.940000,0.420000,0.000000,0.000000,1.268328
897,1.863595,-0.233787,-7.837254,1.266728,0.107608,-1.459945,1.000000,0.940000,0.420000,0.000000,0.000000,1.266728
898,1.864883,-0.246434,-7.851853,1.265020,0.120710,-1.342147,1.000000,0.940000,0.440000,0.000000,0.000000,1.265020
899,1.866117,-0.259082,-7.865275,1.263264,0.131721,-1.232046,1.000000,0.920000,0.460000,0.000000,-0.100000,1.263264
900,1.867291,-0.271728,-7.877595,1.261015,0.138268,-1.239158,1.000000,1.000000,0.460000,0.100000,0.100000,1.261015
901,1.868376,-0.284368,-7.889987,1.266107,0.150209,-1.006171,1.000000,0.980000,0.480000,0.000000,0.100000,1.266107
902,1.869421,-0.297075,-7.900049,1.264444,0.158757,-0.788963,1.000000,0.980000,0.500000,0.000000,0.100000,1.264444
903,1.870425,-0.309779,-7.907938,1.263077,0.164151,-0.585847,1.000000,0.960000,0.500000,0.100000,0.000000,1.263077
904,1.871383,-0.322480,-7.913797,1.268979,0.163780,-0.520932,1.000000,1.000000,0.520000,0.000000,0.100000,1.268979
905,1.872259,-0.335245,-7.919006,1.268040,0.165594,-0.334364,1.000000,0.980000,0.520000,0.000000,0.100000,1.268040
906,1.873088,-0.348006,-7.922350,1.267418,0.164938,-0.159039,1.000000,0.980000,0.520000,0.000000,0.100000,1.267418
907,1.873867,-0.360763,-7.923940,1.267099,0.162070,0.005914,1.000000,0.960000,0.500000,0.000000,0.000000,1.267099
908,1.874598,-0.373516,-7.923881,1.266971,0.154340,0.037790,1.000000,0.960000,0.480000,0.000000,0.000000,1.266971
909,1.875253,-0.386263,-7.923503,1.266892,0.146518,0.067109,1.000000,0.940000,0.480000,0.000000,0.000000,1.266892
910,1.875835,-0.399003,-7.922832,1.266854,0.138648,0.093829,1.000000,0.940000,0.460000,0.000000,0.000000,1.266854
911,1.876346,-0.411737,-7.921894,1.266847,0.130773,0.117927,1.000000,0.880000,0.460000,0.000000,-0.100000,1.266847
912,1.876791,-0.424465,-7.920714,1.266311,0.120568,0.038268,1.000000,0.880000,0.440000,0.000000,-0.100000,1.266311
913,1.877150,-0.437180,-7.920332,1.265688,0.111740,-0.041017,1.000000,0.860000,0.440000,0.000000,-0.200000,1.265688
914,1.877426,-0.449884,-7.920742,1.264126,0.102560,-0.191061,1.000000,0.860000,0.420000,0.000000,-0.200000,1.264126
915,1.877606,-0.462565,-7.922653,1.262446,0.095523,-0.339171,1.000000,0.840000,0.420000,0.100000,-0.200000,1.262446
916,1.877692,-0.475225,-7.926044,1.267665,0.090532,-0.483845,1.000000,0.840000,0.400000,0.000000,-0.200000,1.267665
917,1.877683,-0.487934,-7.930883,1.265792,0.087526,-0.624246,1.000000,0.860000,0.400000,0.000000,-0.200000,1.265792
918,1.877583,-0.500622,-7.937125,1.263829,0.086335,-0.758851,1.000000,0.860000,0.380000,0.000000,-0.200000,1.263829
919,1.877394,-0.513288,-7.944714,1.261772,0.086818,-0.886840,1.000000,0.840000,0.400000,0.100000,-0.200000,1.261772
920,1.877115,-0.525933,-7.953582,1.266608,0.088830,-1.007617,1.000000,0.840000,0.400000,0.000000,-0.200000,1.266608
921,1.876739,-0.538624,-7.963658,1.264322,0.092312,-1.121339,1.000000,0.820000,0.420000,0.000000,-0.200000,1.264322
922,1.876273,-0.551293,-7.974872,1.261896,0.097040,-1.227205,1.000000,0.820000,0.440000,0.100000,-0.200000,1.261896
923,1.875715,-0.563937,-7.987144,1.266311,0.102870,-1.325171,1.000000,0.840000,0.480000,0.000000,-0.200000,1.266311
924,1.875053,-0.576624,-8.000395,1.263544,0.109779,-1.415949,1.000000,0.840000,0.480000,0.000000,-0.200000,1.263544
925,1.874296,-0.589285,-8.014555,1.260575,0.117534,-1.499073,1.000000,0.820000,0.460000,0.100000,-0.200000,1.260575
926,1.873440,-0.601916,-8.029546,1.264386,0.126011,-1.574849,1.000000,0.900000,0.460000,0.000000,-0.100000,1.264386
927,1.872473,-0.614586,-8.045294,1.261804,0.137087,-1.564959,1.000000,0.900000,0.440000,0.100000,-0.100000,1.261804
928,1.871419,-0.627234,-8.060944,1.266040,0.147589,-1.554249,1.000000,0.880000,0.460000,0.000000,-0.100000,1.266040
929,1.870262,-0.639928,-8.076486,1.263109,0.157674,-1.543434,1.000000,0.880000,0.520000,0.100000,-0.100000,1.263109
930,1.869013,-0.652595,-8.091920,1.267021,0.167228,-1.532161,1.000000,0.880000,0.540000,0.000000,-0.100000,1.267021
931,1.867651,-0.665303,-8.107242,1.263787,0.176407,-1.521028,1.000000,0.900000,0.520000,0.000000,-0.100000,1.263787
932,1.866193,-0.677979,-8.122452,1.260418,0.185095,-1.509679,1.000000,0.900000,0.500000,0.100000,-0.100000,1.260418
933,1.864634,-0.690623,-8.137549,1.263923,0.193313,-1.498224,1.000000,0.940000,0.500000,0.000000,0.000000,1.263923
934,1.862954,-0.703298,-8.152531,1.260890,0.203486,-1.389955,1.000000,0.920000,0.560000,0.100000,-0.100000,1.260890
935,1.861190,-0.715948,-8.166431,1.264329,0.209677,-1.382660,1.000000,0.920000,0.560000,0.000000,-0.100000,1.264329
936,1.859299,-0.728624,-8.180258,1.260688,0.215671,-1.375582,1.000000,0.920000,0.540000,0.100000,-0.100000,1.260688
937,1.857301,-0.741257,-8.194013,1.263970,0.221348,-1.368407,1.000000,0.900000,0.540000,0.000000,-0.100000,1.263970
938,1.855172,-0.753911,-8.207697,1.260183,0.226846,-1.361490,1.000000,0.900000,0.520000,0.100000,-0.100000,1.260183
939,1.852935,-0.766518,-8.221312,1.263328,0.232047,-1.354532,0.560000,0.940000,0.600000,0.000000,0.000000,1.263328
940,1.850564,-0.779142,-8.234858,1.260048,0.239109,-1.261433,1.000000,0.940000,0.580000,0.100000,0.000000,1.260048
941,1.848099,-0.791729,-8.247472,1.263896,0.244708,-1.173820,0.540000,0.920000,0.580000,0.000000,-0.100000,1.263896
942,1.845513,-0.804340,-8.259210,1.260228,0.247173,-1.173016,0.540000,0.920000,0.560000,0.100000,-0.100000,1.260228
943,1.842817,-0.816896,-8.270940,1.263529,0.249510,-1.172028,0.520000,0.920000,0.600000,0.000000,-0.100000,1.263529
944,1.839981,-0.829459,-8.282661,1.259803,0.251835,-1.171124,0.520000,0.900000,0.580000,0.100000,-0.100000,1.259803
945,1.837035,-0.841964,-8.294372,1.263049,0.254034,-1.170055,0.500000,0.900000,0.580000,0.100000,-0.100000,1.263049
946,1.833949,-0.854472,-8.306072,1.266269,0.256222,-1.169079,0.500000,0.900000,0.560000,0.000000,-0.100000,1.266269
947,1.830722,-0.866982,-8.317763,1.262464,0.258401,-1.168191,0.480000,0.880000,0.560000,0.100000,-0.100000,1.262464
948,1.827385,-0.879429,-8.329445,1.265632,0.260459,-1.167155,0.480000,0.880000,0.600000,0.000000,-0.100000,1.265632
949,1.823908,-0.891874,-8.341117,1.261777,0.262509,-1.166214,0.460000,0.880000,0.580000,0.100000,-0.100000,1.261777
950,1.820321,-0.904253,-8.352779,1.264898,0.264440,-1.165137,0.460000,0.920000,0.580000,0.000000,-0.100000,1.264898
951,1.816592,-0.916626,-8.364430,1.260998,0.266366,-1.164160,0.440000,0.920000,0.560000,0.100000,-0.100000,1.260998
952,1.812756,-0.928930,-8.376072,1.264075,0.268175,-1.163060,0.440000,0.900000,0.640000,0.100000,0.000000,1.264075
953,1.808776,-0.941224,-8.387702,1.267819,0.271765,-1.085772,0.440000,0.900000,0.620000,0.100000,0.000000,1.267819
954,1.804666,-0.953521,-8.398560,1.271731,0.274332,-1.012056,0.420000,0.900000,0.620000,0.100000,0.000000,1.271731
955,1.800424,-0.965820,-8.408681,1.275817,0.275948,-0.941499,0.420000,0.880000,0.600000,0.000000,-0.100000,1.275817
956,1.796050,-0.978119,-8.418096,1.272379,0.274958,-0.947247,0.420000,0.880000,0.600000,0.000000,-0.100000,1.272379
957,1.791571,-0.990341,-8.427568,1.268936,0.274014,-0.952760,0.400000,0.880000,0.600000,0.000000,-0.100000,1.268936
958,1.786987,-1.002487,-8.437096,1.265489,0.273111,-0.958042,0.440000,0.880000,0.580000,0.000000,-0.100000,1.265489
959,1.782298,-1.014554,-8.446676,1.262036,0.272244,-0.963096,0.380000,0.860000,0.580000,0.100000,-0.100000,1.262036
960,1.777507,-1.026543,-8.456307,1.265579,0.271411,-0.967925,0.440000,0.860000,0.560000,0.000000,-0.100000,1.265579
961,1.772573,-1.038509,-8.465986,1.262118,0.270707,-0.972751,0.420000,0.860000,0.600000,0.100000,-0.100000,1.262118
962,1.767538,-1.050395,-8.475714,1.265652,0.270029,-0.977351,0.420000,0.840000,0.600000,0.000000,-0.100000,1.265652
963,1.762361,-1.062256,-8.485487,1.262181,0.269475,-0.981948,0.400000,0.840000,0.580000,0.100000,-0.100000,1.262181
964,1.757085,-1.074034,-8.495307,1.265704,0.268940,-0.986318,0.400000,0.840000,0.620000,0.100000,-0.100000,1.265704
965,1.751668,-1.085785,-8.505170,1.269221,0.268522,-0.990687,1.000000,0.820000,0.600000,0.000000,-0.100000,1.269221
966,1.746110,-1.097508,-8.515077,1.265730,0.268219,-0.995051,1.000000,0.820000,0.600000,0.000000,-0.100000,1.265730
967,1.740456,-1.109145,-8.525027,1.262232,0.267928,-0.999183,1.000000,0.820000,0.600000,0.100000,-0.100000,1.262232
968,1.734706,-1.120697,-8.535019,1.265726,0.267644,-1.003089,1.000000,0.820000,0.580000,0.000000,-0.100000,1.265726
969,1.728816,-1.132215,-8.545050,1.262213,0.267466,-1.006998,1.000000,0.800000,0.580000,0.100000,-0.200000,1.262213
970,1.722832,-1.143646,-8.555120,1.264774,0.266251,-1.055127,1.000000,0.800000,0.560000,0.000000,-0.200000,1.264774
971,1.716708,-1.155028,-8.565671,1.260223,0.265694,-1.102462,1.000000,0.800000,0.560000,0.100000,-0.200000,1.260223
972,1.710489,-1.166307,-8.576696,1.262555,0.265672,-1.148417,1.000000,0.840000,0.560000,0.100000,-0.100000,1.262555
973,1.704131,-1.177533,-8.588180,1.265683,0.267322,-1.147856,1.000000,0.780000,0.540000,0.000000,-0.200000,1.265683
974,1.697635,-1.188720,-8.599659,1.260875,0.267921,-1.192696,1.000000,0.840000,0.580000,0.100000,-0.100000,1.260875
975,1.691049,-1.199801,-8.611586,1.263857,0.270054,-1.190711,1.000000,0.840000,0.580000,0.000000,-0.100000,1.263857
976,1.684326,-1.210838,-8.623493,1.259816,0.272166,-1.188856,1.000000,0.840000,0.580000,0.100000,-0.100000,1.259816
977,1.677515,-1.221780,-8.635381,1.262753,0.274144,-1.186920,1.000000,0.840000,0.560000,0.100000,-0.100000,1.262753
978,1.670568,-1.232676,-8.647251,1.265669,0.276105,-1.185113,1.000000,0.820000,0.560000,0.000000,-0.100000,1.265669
979,1.663485,-1.243522,-8.659102,1.261565,0.278050,-1.183431,1.000000,0.820000,0.560000,0.100000,-0.100000,1.261565
980,1.656317,-1.254270,-8.670936,1.264440,0.279867,-1.181673,1.000000,0.820000,0.540000,0.000000,-0.100000,1.264440
981,1.649014,-1.264965,-8.682753,1.260297,0.281671,-1.180039,1.000000,0.820000,0.540000,0.100000,-0.100000,1.260297
982,1.641628,-1.275558,-8.694553,1.263135,0.283351,-1.178336,1.000000,0.820000,0.540000,0.100000,-0.100000,1.263135
983,1.634107,-1.286094,-8.706337,1.265956,0.285022,-1.176754,1.000000,0.820000,0.520000,0.000000,-0.100000,1.265956
984,1.626453,-1.296573,-8.718104,1.261760,0.286686,-1.175290,1.000000,0.820000,0.520000,0.100000,-0.100000,1.261760
985,1.618718,-1.306946,-8.729857,1.264547,0.288231,-1.173758,1.000000,0.820000,0.560000,0.000000,-0.100000,1.264547
986,1.610851,-1.317257,-8.741595,1.260318,0.289771,-1.172342,1.000000,0.820000,0.560000,0.100000,-0.100000,1.260318
987,1.602905,-1.327460,-8.753318,1.263074,0.291194,-1.170862,1.000000,0.820000,0.540000,0.100000,-0.100000,1.263074
988,1.594828,-1.337598,-8.765027,1.265816,0.292616,-1.169496,1.000000,0.800000,0.540000,0.000000,-0.200000,1.265816
989,1.586620,-1.347669,-8.776722,1.260622,0.293078,-1.209289,1.000000,0.800000,0.540000,0.100000,-0.200000,1.260622
990,1.578339,-1.357615,-8.788814,1.262306,0.293951,-1.247828,1.000000,0.800000,0.540000,0.100000,-0.200000,1.262306
991,1.569929,-1.367477,-8.801293,1.263866,0.295319,-1.285481,1.000000,0.800000,0.520000,0.000000,-0.200000,1.263866
992,1.561393,-1.377254,-8.814147,1.258299,0.297164,-1.322197,1.000000,0.800000,0.520000,0.100000,-0.200000,1.258299
993,1.552788,-1.386903,-8.827369,1.259597,0.299348,-1.357543,1.000000,0.820000,0.520000,0.100000,-0.100000,1.259597
994,1.544057,-1.396464,-8.840945,1.261681,0.302914,-1.351281,1.000000,0.820000,0.520000,0.100000,-0.100000,1.261681
995,1.535200,-1.405946,-8.854458,1.263733,0.306373,-1.345335,1.000000,0.820000,0.500000,0.000000,-0.200000,1.263733
996,1.526217,-1.415347,-8.867911,1.257828,0.308805,-1.379253,1.000000,0.820000,0.500000,0.100000,-0.200000,1.257828
997,1.517171,-1.424617,-8.881704,1.258783,0.311527,-1.411865,1.000000,0.820000,0.500000,0.100000,-0.200000,1.258783
998,1.508005,-1.433789,-8.895822,1.259597,0.314635,-1.443548,1.000000,0.820000,0.500000,0.100000,-0.200000,1.259597
999,1.498718,-1.442862,-8.910258,1.260265,0.318112,-1.474293,1.000000,0.840000,0.500000,0.100000,-0.200000,1.260265
