step,x,y,mu,vx,vy,omega,lidar_l,lidar_c,lidar_r,throttle,steering,reward
0,-1.443469,-1.719389,-2.311356,0.000000,0.000000,0.000000,0.200000,0.160000,0.160000,0.100000,-0.700000,0.000000
1,-1.443469,-1.719389,-2.311356,0.007000,0.000000,0.000000,0.200000,0.160000,0.160000,0.100000,-0.700000,0.007000
2,-1.443516,-1.719441,-2.311356,0.014000,0.000000,0.000000,0.200000,0.160000,0.160000,0.100000,-0.700000,0.014000
3,-1.443610,-1.719544,-2.311356,0.014817,-0.007341,-0.313982,0.200000,0.160000,0.160000,0.100000,-0.700000,0.014817
4,-1.443764,-1.719604,-2.314495,0.024408,-0.009728,0.083227,0.200000,0.160000,0.160000,0.100000,-0.600000,0.024408
5,-1.444001,-1.719718,-2.313663,0.027311,-0.008079,-0.544486,0.200000,0.160000,0.160000,0.100000,-0.700000,0.027311
6,-1.444246,-1.719864,-2.319108,0.034719,-0.014598,-0.180418,0.200000,0.160000,0.160000,0.100000,-0.700000,0.034719
7,-1.444589,-1.720019,-2.320912,0.038513,-0.012250,-0.642605,0.200000,0.160000,0.160000,0.100000,-0.700000,0.038513
8,-1.444941,-1.720218,-2.327338,0.045111,-0.018483,-0.379287,0.200000,0.160000,0.160000,0.100000,-0.700000,0.045111
9,-1.445385,-1.720419,-2.331131,0.049886,-0.016997,-0.692457,0.200000,0.160000,0.160000,0.100000,-0.700000,0.049886
10,-1.445852,-1.720663,-2.338056,0.055804,-0.021741,-0.574934,0.200000,0.160000,0.160000,0.100000,-0.700000,0.055804
11,-1.446396,-1.720914,-2.343805,0.061054,-0.021977,-0.751356,0.200000,0.160000,0.160000,0.100000,-0.700000,0.061054
12,-1.446979,-1.721197,-2.351319,0.066694,-0.024885,-0.753043,0.180000,0.160000,0.160000,0.100000,-0.700000,0.066694
13,-1.447626,-1.721496,-2.358849,0.072156,-0.026414,-0.841528,0.180000,0.160000,0.160000,0.100000,-0.700000,0.072156
14,-1.448323,-1.721818,-2.367264,0.077698,-0.028443,-0.895565,0.180000,0.160000,0.160000,0.100000,-0.700000,0.077698
15,-1.449078,-1.722158,-2.376220,0.083224,-0.030288,-0.959533,0.180000,0.160000,0.160000,0.100000,-0.700000,0.083224
16,-1.449888,-1.722516,-2.385815,0.088760,-0.032136,-1.021047,0.180000,0.160000,0.160000,0.100000,-0.700000,0.088760
17,-1.450754,-1.722891,-2.396026,0.094302,-0.033950,-1.082523,0.180000,0.160000,0.160000,0.100000,-0.800000,0.094302
18,-1.451677,-1.723281,-2.406851,0.097868,-0.037262,-1.209134,0.180000,0.160000,0.160000,0.100000,-0.800000,0.097868
19,-1.452653,-1.723661,-2.418942,0.102004,-0.040217,-1.302117,0.180000,0.160000,0.180000,0.100000,-0.800000,0.102004
20,-1.453684,-1.724034,-2.431963,0.106491,-0.042756,-1.383443,0.180000,0.160000,0.160000,0.100000,-0.800000,0.106491
21,-1.454771,-1.724403,-2.445798,0.111201,-0.045007,-1.457997,0.180000,0.160000,0.160000,0.100000,-0.800000,0.111201
22,-1.455913,-1.724771,-2.460378,0.116051,-0.047061,-1.528208,0.200000,0.160000,0.160000,0.100000,-0.800000,0.116051
23,-1.457111,-1.725136,-2.475660,0.120992,-0.048973,-1.595474,0.200000,0.180000,0.160000,0.100000,-0.800000,0.120992
24,-1.458365,-1.725498,-2.491615,0.125992,-0.050776,-1.660628,0.220000,0.180000,0.140000,0.100000,-0.800000,0.125992
25,-1.459675,-1.725856,-2.508221,0.131033,-0.052491,-1.724167,0.220000,0.180000,0.140000,0.100000,-0.800000,0.131033
26,-1.461042,-1.726209,-2.525463,0.136100,-0.054129,-1.786392,0.240000,0.180000,0.140000,0.100000,-0.800000,0.136100
27,-1.462465,-1.726554,-2.543327,0.141186,-0.055696,-1.847483,0.240000,0.180000,0.140000,0.100000,-0.800000,0.141186
28,-1.463946,-1.726889,-2.561801,0.146284,-0.057198,-1.907547,0.240000,0.180000,0.140000,0.100000,-0.800000,0.146284
29,-1.465483,-1.727211,-2.580877,0.151391,-0.058636,-1.966643,0.240000,0.180000,0.140000,0.100000,-0.800000,0.151391
30,-1.467077,-1.727520,-2.600543,0.156502,-0.060010,-2.024801,0.240000,0.180000,0.140000,0.100000,-0.800000,0.156502
31,-1.468727,-1.727812,-2.620791,0.161616,-0.061321,-2.082030,0.240000,0.180000,0.140000,0.100000,-0.800000,0.161616
32,-1.470434,-1.728084,-2.641612,0.166728,-0.062569,-2.138330,0.240000,0.180000,0.140000,0.100000,-0.900000,0.166728
33,-1.472197,-1.728334,-2.662995,0.169974,-0.064658,-2.232458,0.240000,0.180000,0.140000,0.100000,-0.900000,0.169974
34,-1.474004,-1.728543,-2.685319,0.173442,-0.066589,-2.314611,0.240000,0.160000,0.140000,0.100000,-0.900000,0.173442
35,-1.475854,-1.728709,-2.708466,0.177090,-0.068346,-2.388612,0.240000,0.160000,0.140000,0.100000,-0.900000,0.177090
36,-1.477749,-1.728832,-2.732352,0.180882,-0.069932,-2.456615,0.220000,0.160000,0.160000,0.100000,-0.900000,0.180882
37,-1.479686,-1.728910,-2.756918,0.184789,-0.071356,-2.519922,0.220000,0.160000,0.160000,0.100000,-0.900000,0.184789
38,-1.481667,-1.728942,-2.782117,0.188786,-0.072632,-2.579375,0.220000,0.180000,0.160000,0.100000,-0.900000,0.188786
39,-1.483690,-1.728927,-2.807911,0.192852,-0.073772,-2.635546,0.220000,0.180000,0.160000,0.100000,-0.900000,0.192852
40,-1.485753,-1.728861,-2.834266,0.196970,-0.074784,-2.688841,0.220000,0.200000,0.160000,0.100000,-0.900000,0.196970
41,-1.487857,-1.728744,-2.861155,0.201127,-0.075678,-2.739556,0.220000,0.220000,0.180000,0.100000,-0.900000,0.201127
42,-1.489999,-1.728574,-2.888550,0.205309,-0.076462,-2.787914,0.220000,0.220000,0.160000,0.100000,-0.900000,0.205309
43,-1.492178,-1.728348,-2.916429,0.209506,-0.077141,-2.834083,0.260000,0.220000,0.160000,0.100000,-0.900000,0.209506
44,-1.494393,-1.728063,-2.944770,0.213709,-0.077721,-2.878193,0.260000,0.220000,0.160000,0.100000,-0.900000,0.213709
45,-1.496640,-1.727719,-2.973552,0.217910,-0.078206,-2.920344,0.260000,0.220000,0.160000,0.100000,-0.900000,0.217910
46,-1.498920,-1.727312,-3.002756,0.222103,-0.078599,-2.960613,0.260000,0.220000,0.140000,0.100000,-0.900000,0.222103
47,-1.501228,-1.726841,-3.032362,0.226281,-0.078905,-2.999063,0.260000,0.220000,0.140000,0.100000,-0.900000,0.226281
48,-1.503563,-1.726304,-3.062352,0.230438,-0.079125,-3.035743,0.260000,0.200000,0.160000,0.100000,-0.900000,0.230438
49,-1.505923,-1.725697,-3.092710,0.234569,-0.079262,-3.070691,0.260000,0.200000,0.160000,0.100000,-0.900000,0.234569
50,-1.508305,-1.725020,-3.123417,0.238671,-0.079319,-3.103941,0.260000,0.200000,0.180000,0.100000,-0.900000,0.238671
51,-1.510706,-1.724271,-3.154456,0.242738,-0.079298,-3.135518,0.260000,0.200000,0.200000,0.100000,-0.900000,0.242738
52,-1.513123,-1.723447,-3.185811,0.246767,-0.079201,-3.165447,0.300000,0.200000,0.200000,0.100000,-1.000000,0.246767
53,-1.515553,-1.722546,-3.217466,0.249397,-0.079066,-3.195305,0.300000,0.200000,0.200000,0.100000,-1.000000,0.249397
54,-1.517980,-1.721569,-3.249419,0.252024,-0.078882,-3.221212,0.300000,0.240000,0.200000,0.100000,-1.000000,0.252024
55,-1.520400,-1.720513,-3.281631,0.254641,-0.078645,-3.243807,0.300000,0.240000,0.200000,0.100000,-1.000000,0.254641
56,-1.522812,-1.719379,-3.314069,0.257242,-0.078357,-3.263560,0.320000,0.240000,0.200000,0.100000,-1.000000,0.257242
57,-1.525212,-1.718166,-3.346705,0.259821,-0.078019,-3.280825,0.320000,0.240000,0.200000,0.100000,-1.000000,0.259821
58,-1.527597,-1.716873,-3.379513,0.262373,-0.077632,-3.295871,0.360000,0.240000,0.180000,0.100000,-1.000000,0.262373
59,-1.529964,-1.715500,-3.412472,0.264895,-0.077199,-3.308911,0.380000,0.240000,0.180000,0.100000,-1.000000,0.264895
60,-1.532309,-1.714047,-3.445561,0.267382,-0.076722,-3.320114,0.380000,0.240000,0.180000,0.100000,-1.000000,0.267382
61,-1.534631,-1.712515,-3.478762,0.269832,-0.076204,-3.329621,0.380000,0.240000,0.180000,0.100000,-1.000000,0.269832
62,-1.536925,-1.710903,-3.512058,0.272241,-0.075648,-3.337550,0.400000,0.240000,0.180000,0.100000,-1.000000,0.272241
63,-1.539189,-1.709212,-3.545433,0.274607,-0.075057,-3.344003,0.400000,0.280000,0.220000,0.100000,-1.000000,0.274607
64,-1.541419,-1.707443,-3.578874,0.276929,-0.074434,-3.349069,0.420000,0.280000,0.220000,0.100000,-1.000000,0.276929
65,-1.543613,-1.705596,-3.612364,0.279203,-0.073782,-3.352830,0.420000,0.280000,0.220000,0.100000,-1.000000,0.279203
66,-1.545766,-1.703672,-3.645893,0.281429,-0.073104,-3.355359,0.440000,0.280000,0.220000,0.100000,-1.000000,0.281429
67,-1.547877,-1.701672,-3.679446,0.283606,-0.072403,-3.356726,0.460000,0.300000,0.220000,0.100000,-1.000000,0.283606
68,-1.549942,-1.699597,-3.713013,0.285731,-0.071682,-3.356994,0.480000,0.340000,0.220000,0.100000,-1.000000,0.285731
69,-1.551958,-1.697449,-3.746583,0.287805,-0.070943,-3.356225,0.500000,0.340000,0.220000,0.100000,-1.000000,0.287805
70,-1.553921,-1.695229,-3.780146,0.289827,-0.070189,-3.354480,0.520000,0.360000,0.220000,0.100000,-1.000000,0.289827
71,-1.555830,-1.692938,-3.813690,0.291796,-0.069422,-3.351814,0.540000,0.360000,0.220000,0.100000,-1.000000,0.291796
72,-1.557681,-1.690578,-3.847208,0.293711,-0.068646,-3.348283,0.560000,0.360000,0.260000,0.100000,-1.000000,0.293711
73,-1.559472,-1.688150,-3.880691,0.295574,-0.067863,-3.343941,0.600000,0.380000,0.260000,0.100000,-1.000000,0.295574
74,-1.561199,-1.685658,-3.914131,0.297383,-0.067074,-3.338842,0.640000,0.380000,0.260000,0.100000,-1.000000,0.297383
75,-1.562861,-1.683102,-3.947519,0.299139,-0.066283,-3.333035,0.680000,0.400000,0.260000,0.100000,-1.000000,0.299139
76,-1.564454,-1.680485,-3.980849,0.300842,-0.065491,-3.326573,0.720000,0.420000,0.260000,0.100000,-1.000000,0.300842
77,-1.565976,-1.677808,-4.014115,0.302493,-0.064700,-3.319503,0.720000,0.420000,0.280000,0.100000,-1.000000,0.302493
78,-1.567425,-1.675076,-4.047310,0.304092,-0.063913,-3.311875,0.740000,0.440000,0.320000,0.100000,-1.000000,0.304092
79,-1.568799,-1.672288,-4.080429,0.305640,-0.063130,-3.303736,0.820000,0.460000,0.320000,0.100000,-1.000000,0.305640
80,-1.570095,-1.669449,-4.113466,0.307137,-0.062355,-3.295132,0.920000,0.480000,0.340000,0.100000,-1.000000,0.307137
81,-1.571312,-1.666561,-4.146418,0.308584,-0.061587,-3.286108,1.000000,0.500000,0.340000,0.100000,-1.000000,0.308584
82,-1.572447,-1.663626,-4.179279,0.309982,-0.060829,-3.276707,1.000000,0.520000,0.340000,0.100000,-1.000000,0.309982
83,-1.573498,-1.660647,-4.212046,0.311333,-0.060082,-3.266974,1.000000,0.560000,0.360000,0.100000,-0.900000,0.311333
84,-1.574464,-1.657627,-4.244716,0.313612,-0.059732,-3.273395,1.000000,0.580000,0.360000,0.100000,-0.900000,0.313612
85,-1.575345,-1.654559,-4.277450,0.315864,-0.059316,-3.279726,1.000000,0.620000,0.380000,0.100000,-0.900000,0.315864
86,-1.576138,-1.651444,-4.310247,0.318088,-0.058841,-3.285769,1.000000,0.680000,0.380000,0.100000,-0.900000,0.318088
87,-1.576842,-1.648287,-4.343104,0.320281,-0.058311,-3.291370,1.000000,0.700000,0.400000,0.100000,-0.900000,0.320281
88,-1.577454,-1.645089,-4.376018,0.322440,-0.057731,-3.296409,1.000000,0.680000,0.420000,0.100000,-0.900000,0.322440
89,-1.577973,-1.641855,-4.408982,0.324564,-0.057106,-3.300799,1.000000,0.740000,0.440000,0.100000,-0.900000,0.324564
90,-1.578398,-1.638587,-4.441990,0.326650,-0.056441,-3.304474,1.000000,0.820000,0.460000,0.100000,-0.900000,0.326650
91,-1.578726,-1.635289,-4.475035,0.328697,-0.055739,-3.307393,1.000000,0.940000,0.480000,0.100000,-1.000000,0.328697
92,-1.578958,-1.631963,-4.508109,0.329777,-0.054564,-3.290694,1.000000,1.000000,0.500000,0.100000,-1.000000,0.329777
93,-1.579092,-1.628623,-4.541016,0.330792,-0.053449,-3.273110,0.820000,1.000000,0.520000,0.100000,-0.300000,0.330792
94,-1.579130,-1.625272,-4.573747,0.340589,-0.043974,-2.894878,0.700000,1.000000,0.560000,0.100000,0.100000,0.340589
95,-1.579165,-1.621838,-4.602696,0.347987,-0.029975,-2.308076,0.620000,1.000000,0.580000,0.100000,0.100000,0.347987
96,-1.579248,-1.618346,-4.625776,0.354874,-0.018077,-1.772262,0.560000,1.000000,0.620000,0.100000,0.100000,0.354874
97,-1.579375,-1.614795,-4.643499,0.361482,-0.008367,-1.299108,0.520000,1.000000,0.640000,0.100000,0.100000,0.361482
98,-1.579540,-1.611183,-4.656490,0.367986,-0.000826,-0.896641,0.500000,1.000000,0.660000,0.100000,0.100000,0.367986
99,-1.579738,-1.607509,-4.665457,0.374500,0.004717,-0.566138,0.500000,1.000000,0.660000,0.100000,0.100000,0.374500
100,-1.579960,-1.603770,-4.671118,0.381079,0.008564,-0.302000,0.480000,1.000000,0.660000,0.100000,0.100000,0.381079
101,-1.580203,-1.599966,-4.674138,0.387741,0.011067,-0.094467,0.480000,1.000000,0.660000,0.100000,0.100000,0.387741
102,-1.580462,-1.596096,-4.675083,0.394480,0.012561,0.067236,0.480000,1.000000,0.660000,0.100000,0.100000,0.394480
103,-1.580735,-1.592158,-4.674410,0.401282,0.013326,0.192954,0.480000,1.000000,0.660000,0.100000,0.100000,0.401282
104,-1.581020,-1.588154,-4.672481,0.408132,0.013574,0.290878,0.480000,1.000000,0.640000,0.100000,0.100000,0.408132
105,-1.581319,-1.584081,-4.669572,0.415015,0.013466,0.367510,0.500000,1.000000,0.640000,0.100000,0.100000,0.415015
106,-1.581631,-1.579940,-4.665897,0.421921,0.013117,0.427888,0.500000,1.000000,0.640000,0.100000,0.100000,0.421921
107,-1.581958,-1.575732,-4.661618,0.428840,0.012607,0.475868,0.500000,1.000000,0.640000,0.100000,0.100000,0.428840
108,-1.582301,-1.571455,-4.656859,0.435766,0.011996,0.514386,0.520000,1.000000,0.640000,0.100000,0.100000,0.435766
109,-1.582663,-1.567111,-4.651715,0.442693,0.011321,0.545675,0.520000,1.000000,0.640000,0.100000,0.100000,0.442693
110,-1.583045,-1.562699,-4.646259,0.449619,0.010612,0.571428,0.540000,1.000000,0.640000,0.100000,0.100000,0.449619
111,-1.583448,-1.558220,-4.640544,0.456540,0.009884,0.592936,0.540000,1.000000,0.620000,0.100000,0.100000,0.456540
112,-1.583874,-1.553673,-4.634615,0.463456,0.009152,0.611179,0.560000,1.000000,0.620000,0.100000,0.100000,0.463456
113,-1.584325,-1.549060,-4.628503,0.470364,0.008420,0.626905,0.580000,1.000000,0.620000,0.100000,0.100000,0.470364
114,-1.584803,-1.544380,-4.622234,0.477264,0.007693,0.640687,0.580000,1.000000,0.600000,0.100000,0.100000,0.477264
115,-1.585310,-1.539633,-4.615827,0.484156,0.006974,0.652961,0.600000,1.000000,0.600000,0.100000,0.100000,0.484156
116,-1.585846,-1.534821,-4.609298,0.491038,0.006261,0.664063,0.620000,1.000000,0.580000,0.100000,0.100000,0.491038
117,-1.586413,-1.529943,-4.602657,0.497911,0.005555,0.674252,0.640000,1.000000,0.580000,0.100000,0.100000,0.497911
118,-1.587014,-1.525000,-4.595915,0.504776,0.004855,0.683725,0.660000,1.000000,0.560000,0.100000,0.100000,0.504776
119,-1.587649,-1.519992,-4.589077,0.511630,0.004157,0.692634,0.680000,1.000000,0.560000,0.100000,0.100000,0.511630
120,-1.588319,-1.514920,-4.582151,0.518475,0.003462,0.701097,0.700000,1.000000,0.560000,0.100000,0.100000,0.518475
121,-1.589027,-1.509784,-4.575140,0.525311,0.002766,0.709205,0.720000,1.000000,0.540000,0.100000,0.100000,0.525311
122,-1.589773,-1.504584,-4.568048,0.532136,0.002067,0.717027,0.960000,1.000000,0.540000,0.100000,-0.900000,0.532136
123,-1.590559,-1.499321,-4.560878,0.531367,-0.006533,0.386814,1.000000,1.000000,0.520000,0.100000,-0.800000,0.531367
124,-1.591296,-1.494058,-4.557010,0.531303,-0.014169,0.035480,1.000000,1.000000,0.520000,0.100000,-0.800000,0.531303
125,-1.591979,-1.488787,-4.556655,0.531292,-0.020155,-0.302349,1.000000,1.000000,0.520000,0.100000,-0.900000,0.531292
126,-1.592603,-1.483507,-4.559678,0.530636,-0.024000,-0.595314,1.000000,1.000000,0.520000,0.100000,-0.900000,0.530636
127,-1.593173,-1.478226,-4.565631,0.530081,-0.026649,-0.869405,0.980000,1.000000,0.520000,0.100000,-0.900000,0.530081
128,-1.593685,-1.472943,-4.574325,0.529636,-0.028246,-1.122744,0.940000,1.000000,0.540000,0.100000,-1.000000,0.529636
129,-1.594134,-1.467658,-4.585553,0.528631,-0.028196,-1.322978,0.900000,1.000000,0.540000,0.100000,-1.000000,0.528631
130,-1.594523,-1.462379,-4.598783,0.527690,-0.027520,-1.502180,0.680000,1.000000,0.560000,0.100000,0.100000,0.527690
131,-1.594848,-1.457105,-4.613804,0.534473,-0.014959,-1.174752,0.640000,1.000000,0.540000,0.100000,0.100000,0.534473
132,-1.595225,-1.451771,-4.625552,0.541101,-0.004967,-0.878414,0.620000,1.000000,0.540000,0.100000,0.100000,0.541101
133,-1.595645,-1.446376,-4.634336,0.547676,0.002712,-0.616241,0.600000,1.000000,0.540000,0.100000,0.100000,0.547676
134,-1.596099,-1.440918,-4.640499,0.554261,0.008380,-0.388071,0.580000,1.000000,0.520000,0.100000,0.100000,0.554261
135,-1.596581,-1.435396,-4.644379,0.560889,0.012353,-0.191688,0.580000,1.000000,0.520000,0.100000,0.100000,0.560889
136,-1.597085,-1.429809,-4.646296,0.567574,0.014934,-0.023872,0.580000,1.000000,0.520000,0.100000,0.100000,0.567574
137,-1.597609,-1.424155,-4.646535,0.574316,0.016390,0.118891,0.580000,1.000000,0.520000,0.100000,0.100000,0.574316
138,-1.598150,-1.418435,-4.645346,0.581108,0.016956,0.240007,0.580000,1.000000,0.500000,0.100000,0.100000,0.581108
139,-1.598709,-1.412648,-4.642946,0.587940,0.016823,0.342591,0.580000,1.000000,0.500000,0.100000,0.100000,0.587940
140,-1.599285,-1.406795,-4.639520,0.594801,0.016152,0.429402,0.600000,1.000000,0.500000,0.100000,0.100000,0.594801
141,-1.599879,-1.400874,-4.635226,0.601681,0.015071,0.502844,0.600000,1.000000,0.500000,0.100000,0.100000,0.601681
142,-1.600493,-1.394887,-4.630198,0.608570,0.013684,0.564992,0.620000,1.000000,0.480000,0.100000,0.100000,0.608570
143,-1.601129,-1.388833,-4.624548,0.615460,0.012073,0.617620,0.640000,1.000000,0.480000,0.100000,0.100000,0.615460
144,-1.601789,-1.382713,-4.618371,0.622345,0.010302,0.662242,0.640000,1.000000,0.480000,0.100000,0.100000,0.622345
145,-1.602476,-1.376527,-4.611749,0.629219,0.008422,0.700142,0.840000,1.000000,0.480000,0.100000,-0.300000,0.629219
146,-1.603192,-1.370275,-4.604748,0.633973,-0.002530,0.347363,0.860000,1.000000,0.480000,0.100000,-0.300000,0.633973
147,-1.603848,-1.363969,-4.601274,0.638778,-0.010935,0.013207,0.880000,1.000000,0.460000,0.100000,-1.000000,0.638778
148,-1.604447,-1.357609,-4.601142,0.637384,-0.015778,-0.245904,0.880000,1.000000,0.460000,0.100000,-1.000000,0.637384
149,-1.604998,-1.351257,-4.603601,0.636041,-0.019159,-0.495165,0.860000,1.000000,0.460000,0.100000,-0.300000,0.636041
150,-1.605498,-1.344913,-4.608553,0.641235,-0.021890,-0.760563,0.860000,1.000000,0.460000,0.100000,-0.300000,0.641235
151,-1.605945,-1.338512,-4.616158,0.646583,-0.022951,-0.998837,0.820000,1.000000,0.460000,0.100000,-0.300000,0.646583
152,-1.606338,-1.332054,-4.626147,0.652057,-0.022579,-1.210759,0.800000,1.000000,0.480000,0.100000,0.000000,0.652057
153,-1.606675,-1.325539,-4.638254,0.659294,-0.012932,-1.052816,0.760000,1.000000,0.480000,0.100000,0.100000,0.659294
154,-1.607034,-1.318954,-4.648782,0.665927,-0.002465,-0.799231,0.740000,1.000000,0.500000,0.100000,0.100000,0.665927
155,-1.607433,-1.312307,-4.656775,0.672508,0.005631,-0.569242,0.580000,1.000000,0.500000,0.100000,0.100000,0.672508
156,-1.607863,-1.305595,-4.662467,0.679095,0.011641,-0.363290,0.580000,1.000000,0.500000,0.100000,0.100000,0.679095
157,-1.608318,-1.298819,-4.666100,0.685719,0.015858,-0.180479,0.560000,1.000000,0.520000,0.100000,0.100000,0.685719
158,-1.608794,-1.291976,-4.667905,0.692395,0.018554,-0.019197,0.560000,1.000000,0.520000,0.100000,0.100000,0.692395
159,-1.609287,-1.285067,-4.668097,0.699126,0.019982,0.122469,0.560000,1.000000,0.520000,0.100000,0.100000,0.699126
160,-1.609796,-1.278092,-4.666872,0.705907,0.020363,0.246494,0.700000,1.000000,0.500000,0.100000,0.100000,0.705907
161,-1.610321,-1.271049,-4.664407,0.712728,0.019889,0.354780,0.720000,1.000000,0.500000,0.100000,0.100000,0.712728
162,-1.610861,-1.263940,-4.660859,0.719579,0.018726,0.449105,0.720000,1.000000,0.500000,0.100000,0.100000,0.719579
163,-1.611419,-1.256763,-4.656368,0.726448,0.017014,0.531097,0.740000,1.000000,0.500000,0.100000,0.100000,0.726448
164,-1.611996,-1.249520,-4.651057,0.733323,0.014871,0.602236,0.740000,1.000000,0.480000,0.100000,0.100000,0.733323
165,-1.612593,-1.242209,-4.645035,0.740196,0.012395,0.663856,0.760000,1.000000,0.480000,0.100000,0.100000,0.740196
166,-1.613215,-1.234832,-4.638396,0.747056,0.009667,0.717153,0.780000,1.000000,0.480000,0.100000,0.000000,0.747056
167,-1.613864,-1.227389,-4.631225,0.754078,0.003693,0.632260,0.800000,1.000000,0.460000,0.100000,0.000000,0.754078
168,-1.614512,-1.219876,-4.624902,0.761053,-0.001201,0.555824,0.980000,1.000000,0.460000,0.100000,-0.900000,0.761053
169,-1.615165,-1.212294,-4.619344,0.760250,-0.010704,0.250306,1.000000,1.000000,0.440000,0.100000,-0.900000,0.760250
170,-1.615765,-1.204714,-4.616841,0.759442,-0.017892,-0.053482,1.000000,1.000000,0.440000,0.100000,-1.000000,0.759442
171,-1.616311,-1.197138,-4.617376,0.758050,-0.022124,-0.318147,1.000000,1.000000,0.440000,0.100000,-1.000000,0.758050
172,-1.616810,-1.189570,-4.620557,0.756726,-0.024546,-0.572828,1.000000,1.000000,0.440000,0.100000,-1.000000,0.756726
173,-1.617260,-1.182012,-4.626285,0.755480,-0.025310,-0.814220,0.980000,1.000000,0.460000,0.100000,-0.900000,0.755480
174,-1.617657,-1.174464,-4.634428,0.754953,-0.025328,-1.071603,0.960000,1.000000,0.460000,0.100000,-1.000000,0.754953
175,-1.617993,-1.166918,-4.645144,0.753850,-0.023038,-1.278115,0.920000,1.000000,0.460000,0.100000,-1.000000,0.753850
176,-1.618270,-1.159381,-4.657925,0.752774,-0.019612,-1.464547,0.740000,1.000000,0.480000,0.100000,0.100000,0.752774
177,-1.618483,-1.151853,-4.672570,0.759509,-0.004860,-1.186929,0.720000,1.000000,0.500000,0.100000,0.100000,0.759509
178,-1.618737,-1.144262,-4.684440,0.766084,0.006946,-0.928151,0.700000,1.000000,0.520000,0.100000,0.100000,0.766084
179,-1.619021,-1.136606,-4.693721,0.772601,0.016080,-0.690662,0.680000,1.000000,0.520000,0.100000,0.100000,0.772601
180,-1.619326,-1.128885,-4.700628,0.779126,0.022840,-0.475054,0.660000,1.000000,0.540000,0.100000,0.100000,0.779126
181,-1.619646,-1.121097,-4.705378,0.785700,0.027527,-0.280751,0.660000,1.000000,0.540000,0.100000,0.100000,0.785700
182,-1.619976,-1.113242,-4.708186,0.792342,0.030431,-0.106549,0.640000,1.000000,0.540000,0.100000,0.100000,0.792342
183,-1.620314,-1.105320,-4.709251,0.799056,0.031817,0.049028,0.640000,1.000000,0.540000,0.100000,0.100000,0.799056
184,-1.620657,-1.097330,-4.708761,0.805838,0.031925,0.187527,0.640000,1.000000,0.540000,0.100000,0.100000,0.805838
185,-1.621005,-1.089273,-4.706886,0.812678,0.030967,0.310456,0.660000,1.000000,0.540000,0.100000,0.100000,0.812678
186,-1.621360,-1.081148,-4.703781,0.819562,0.029130,0.419245,0.660000,1.000000,0.540000,0.100000,0.100000,0.819562
187,-1.621722,-1.072955,-4.699589,0.826475,0.026576,0.515233,0.660000,1.000000,0.520000,0.100000,0.100000,0.826475
188,-1.622093,-1.064695,-4.694436,0.833400,0.023444,0.599667,0.680000,1.000000,0.520000,0.100000,0.100000,0.833400
189,-1.622477,-1.056366,-4.688440,0.840325,0.019857,0.673707,0.820000,1.000000,0.500000,0.100000,-0.300000,0.840325
190,-1.622877,-1.047970,-4.681703,0.845123,0.006937,0.354400,0.840000,1.000000,0.500000,0.100000,-0.300000,0.845123
191,-1.623206,-1.039525,-4.678159,0.849903,-0.002924,0.043122,0.840000,1.000000,0.500000,0.100000,-0.300000,0.849903
192,-1.623467,-1.031030,-4.677727,0.854744,-0.009895,-0.255332,0.840000,1.000000,0.500000,0.100000,-0.300000,0.854744
193,-1.623665,-1.022484,-4.680281,0.859687,-0.014182,-0.537418,0.840000,1.000000,0.500000,0.100000,-0.300000,0.859687
194,-1.623799,-1.013887,-4.685655,0.864746,-0.016020,-0.800707,0.820000,1.000000,0.500000,0.100000,-0.300000,0.864746
195,-1.623870,-1.005239,-4.693662,0.869908,-0.015658,-1.043728,0.800000,1.000000,0.520000,0.100000,0.000000,0.869908
196,-1.623876,-0.996538,-4.704099,0.877007,-0.005696,-0.938602,0.780000,1.000000,0.520000,0.100000,0.000000,0.877007
197,-1.623892,-0.987768,-4.713485,0.883995,0.002712,-0.841339,0.760000,1.000000,0.540000,0.100000,0.100000,0.883995
198,-1.623909,-0.978928,-4.721899,0.890540,0.012613,-0.628942,0.740000,1.000000,0.560000,0.100000,0.100000,0.890540
199,-1.623951,-0.970022,-4.728188,0.897077,0.020093,-0.432458,0.740000,1.000000,0.560000,0.100000,0.100000,0.897077
200,-1.624010,-0.961049,-4.732513,0.903647,0.025415,-0.252071,0.720000,1.000000,0.560000,0.100000,0.100000,0.903647
201,-1.624082,-0.952009,-4.735033,0.910271,0.028838,-0.087384,0.720000,1.000000,0.580000,0.100000,0.100000,0.910271
202,-1.624164,-0.942902,-4.735907,0.916959,0.030604,0.062316,0.720000,1.000000,0.580000,0.100000,0.100000,0.916959
203,-1.624255,-0.933728,-4.735284,0.923709,0.030939,0.197891,0.720000,1.000000,0.580000,0.100000,0.100000,0.923709
204,-1.624353,-0.924486,-4.733305,0.930513,0.030048,0.320258,0.720000,1.000000,0.580000,0.100000,0.100000,0.930513
205,-1.624458,-0.915177,-4.730103,0.937359,0.028114,0.430335,0.740000,1.000000,0.560000,0.100000,0.100000,0.937359
206,-1.624573,-0.905800,-4.725799,0.944231,0.025302,0.529018,0.740000,1.000000,0.560000,0.100000,0.100000,0.944231
207,-1.624700,-0.896355,-4.720509,0.951115,0.021761,0.617177,0.760000,1.000000,0.540000,0.100000,0.100000,0.951115
208,-1.624840,-0.886842,-4.714337,0.957994,0.017618,0.695649,0.760000,1.000000,0.540000,0.100000,0.100000,0.957994
209,-1.624998,-0.877262,-4.707381,0.964853,0.012989,0.765243,0.780000,1.000000,0.520000,0.100000,0.000000,0.964853
210,-1.625176,-0.867614,-4.699728,0.971873,0.004915,0.695964,0.800000,1.000000,0.520000,0.100000,0.000000,0.971873
211,-1.625348,-0.857897,-4.692769,0.978826,-0.002014,0.630913,0.940000,1.000000,0.500000,0.100000,-0.900000,0.978826
212,-1.625520,-0.848110,-4.686460,0.977987,-0.013539,0.329325,0.960000,1.000000,0.500000,0.100000,-0.900000,0.977987
213,-1.625638,-0.838330,-4.683166,0.977129,-0.022045,0.025507,0.960000,1.000000,0.500000,0.100000,-0.900000,0.977129
214,-1.625703,-0.828556,-4.682911,0.976322,-0.027621,-0.275367,0.960000,1.000000,0.500000,0.100000,-1.000000,0.976322
215,-1.625715,-0.818789,-4.685665,0.974970,-0.029644,-0.536160,0.960000,1.000000,0.500000,0.100000,-1.000000,0.974970
216,-1.625679,-0.809035,-4.691026,0.973705,-0.029354,-0.785658,0.940000,1.000000,0.500000,0.100000,-1.000000,0.973705
217,-1.625594,-0.799294,-4.698883,0.972517,-0.026937,-1.020506,0.920000,1.000000,0.520000,0.100000,-0.900000,0.972517
218,-1.625456,-0.789566,-4.709088,0.972020,-0.023353,-1.269979,0.900000,1.000000,0.520000,0.100000,-1.000000,0.972020
219,-1.625254,-0.779845,-4.721788,0.970903,-0.017011,-1.467097,0.860000,1.000000,0.500000,0.100000,-0.300000,0.970903
220,-1.624993,-0.770138,-4.736459,0.976250,-0.009755,-1.665476,0.720000,1.000000,0.500000,0.100000,0.100000,0.976250
221,-1.624660,-0.760381,-4.753114,0.982880,0.009443,-1.397013,0.700000,1.000000,0.480000,0.100000,0.100000,0.982880
222,-1.624355,-0.750556,-4.767084,0.989283,0.025099,-1.141702,0.680000,1.000000,0.500000,0.100000,0.100000,0.989283
223,-1.624064,-0.740665,-4.778501,0.995592,0.037478,-0.902179,0.660000,1.000000,0.520000,0.100000,0.100000,0.995592
224,-1.623781,-0.730706,-4.787523,1.001903,0.046878,-0.679500,0.640000,1.000000,0.540000,0.100000,0.100000,1.001903
225,-1.623496,-0.720680,-4.794318,1.008277,0.053601,-0.473697,0.620000,1.000000,0.540000,0.100000,0.100000,1.008277
226,-1.623205,-0.710587,-4.799055,1.014752,0.057944,-0.284227,0.620000,1.000000,0.560000,0.100000,0.100000,1.014752
227,-1.622904,-0.700427,-4.801897,1.021342,0.060187,-0.110279,0.620000,1.000000,0.560000,0.100000,0.100000,1.021342
228,-1.622591,-0.690201,-4.803000,1.028051,0.060588,0.049040,0.620000,1.000000,0.560000,0.100000,0.100000,1.028051
229,-1.622264,-0.679908,-4.802509,1.034868,0.059385,0.194606,0.620000,1.000000,0.560000,0.100000,0.100000,1.034868
230,-1.621924,-0.669548,-4.800563,1.041777,0.056795,0.327239,0.620000,1.000000,0.560000,0.100000,0.100000,1.041777
231,-1.621572,-0.659120,-4.797291,1.048758,0.053014,0.447697,0.620000,1.000000,0.560000,0.100000,0.100000,1.048758
232,-1.621211,-0.648626,-4.792814,1.055787,0.048223,0.556685,0.620000,1.000000,0.540000,0.100000,0.100000,1.055787
233,-1.620844,-0.638063,-4.787247,1.062840,0.042584,0.654875,0.640000,1.000000,0.540000,0.100000,0.100000,1.062840
234,-1.620473,-0.627433,-4.780698,1.069893,0.036242,0.742921,0.740000,1.000000,0.520000,0.100000,0.100000,1.069893
235,-1.620105,-0.616734,-4.773269,1.076923,0.029328,0.821473,0.760000,1.000000,0.520000,0.100000,0.100000,1.076923
236,-1.619742,-0.605967,-4.765054,1.083909,0.021961,0.891183,0.760000,1.000000,0.500000,0.100000,0.100000,1.083909
237,-1.619391,-0.595131,-4.756142,1.090833,0.014242,0.952708,0.780000,1.000000,0.500000,0.100000,0.000000,1.090833
238,-1.619056,-0.584227,-4.746615,1.097868,0.003205,0.875856,0.800000,1.000000,0.480000,0.100000,0.000000,1.097868
239,-1.618712,-0.573254,-4.737857,1.104793,-0.006418,0.802524,0.820000,1.000000,0.460000,0.100000,-0.300000,1.104793
240,-1.618367,-0.562211,-4.729832,1.109473,-0.021269,0.453945,0.840000,1.000000,0.460000,0.100000,-0.300000,1.109473
241,-1.617961,-0.551122,-4.725292,1.114196,-0.031903,0.113021,0.840000,1.000000,0.460000,0.100000,-0.300000,1.114196
242,-1.617498,-0.539985,-4.724162,1.119059,-0.038525,-0.215743,0.840000,1.000000,0.460000,0.100000,-0.300000,1.119059
243,-1.616981,-0.528800,-4.726319,1.124107,-0.041389,-0.528889,0.840000,1.000000,0.460000,0.100000,-0.300000,1.124107
244,-1.616410,-0.517565,-4.731608,1.129340,-0.040786,-0.823826,0.820000,1.000000,0.460000,0.100000,-0.300000,1.129340
245,-1.615786,-0.506282,-4.739846,1.134725,-0.037028,-1.098669,0.800000,1.000000,0.480000,0.100000,0.000000,1.134725
246,-1.615104,-0.494949,-4.750833,1.142021,-0.022682,-1.020447,0.780000,1.000000,0.460000,0.100000,0.000000,1.142021
247,-1.614438,-0.483546,-4.761038,1.149142,-0.009950,-0.944197,0.760000,1.000000,0.460000,0.100000,0.100000,1.149142
248,-1.613780,-0.472073,-4.770480,1.155738,0.004109,-0.749318,0.740000,1.000000,0.440000,0.100000,0.100000,1.155738
249,-1.613150,-0.460533,-4.777973,1.162253,0.015308,-0.562962,0.740000,1.000000,0.440000,0.100000,0.100000,1.162253
250,-1.612541,-0.448925,-4.783602,1.168750,0.023858,-0.386385,0.720000,1.000000,0.420000,0.100000,0.100000,1.168750
251,-1.611948,-0.437250,-4.787466,1.175273,0.029982,-0.220237,0.720000,1.000000,0.420000,0.100000,0.100000,1.175273
252,-1.611365,-0.425508,-4.789669,1.181848,0.033902,-0.064754,0.700000,1.000000,0.420000,0.100000,0.100000,1.181848
253,-1.610791,-0.413699,-4.790316,1.188485,0.035837,0.080094,0.700000,1.000000,0.420000,0.100000,0.100000,1.188485
254,-1.610223,-0.401822,-4.789515,1.195186,0.035994,0.214495,0.700000,1.000000,0.420000,0.100000,0.100000,1.195186
255,-1.609661,-0.389878,-4.787370,1.201944,0.034571,0.338729,0.700000,1.000000,0.420000,0.100000,0.100000,1.201944
256,-1.609105,-0.377867,-4.783983,1.208746,0.031754,0.453127,0.720000,1.000000,0.420000,0.100000,0.100000,1.208746
257,-1.608557,-0.365787,-4.779452,1.215573,0.027714,0.558049,0.720000,1.000000,0.420000,0.100000,0.100000,1.215573
258,-1.608019,-0.353640,-4.773871,1.222407,0.022611,0.653880,0.720000,1.000000,0.420000,0.100000,0.100000,1.222407
259,-1.607494,-0.341425,-4.767332,1.229226,0.016594,0.741020,0.740000,1.000000,0.400000,0.100000,0.100000,1.229226
260,-1.606984,-0.329143,-4.759922,1.236010,0.009797,0.819893,0.740000,1.000000,0.400000,0.100000,0.100000,1.236010
261,-1.606495,-0.316792,-4.751723,1.242738,0.002345,0.890941,0.760000,1.000000,0.380000,0.100000,0.100000,1.242738
262,-1.606030,-0.304373,-4.742814,1.249393,-0.005650,0.954623,0.780000,1.000000,0.380000,0.100000,0.000000,1.249393
263,-1.605593,-0.291887,-4.733268,1.256206,-0.017112,0.882009,0.800000,1.000000,0.360000,0.100000,0.000000,1.256206
264,-1.605160,-0.279331,-4.724448,1.262920,-0.027153,0.812345,0.820000,1.000000,0.360000,0.100000,-0.300000,1.262920
265,-1.604736,-0.266706,-4.716324,1.267470,-0.042735,0.452628,0.840000,1.000000,0.360000,0.000000,-0.300000,1.267470
266,-1.604259,-0.254033,-4.711798,1.265134,-0.053421,0.100605,0.840000,1.000000,0.360000,0.000000,-0.300000,1.265134
267,-1.603732,-0.241381,-4.710792,1.263015,-0.059416,-0.239778,0.840000,1.000000,0.360000,0.100000,-0.300000,1.263015
268,-1.603158,-0.228750,-4.713190,1.268154,-0.061042,-0.565050,0.840000,1.000000,0.360000,0.000000,-0.300000,1.268154
269,-1.602537,-0.216069,-4.718840,1.266539,-0.058635,-0.872402,0.820000,1.000000,0.360000,0.000000,-0.300000,1.266539
270,-1.601869,-0.203408,-4.727564,1.265117,-0.052587,-1.159800,0.800000,1.000000,0.380000,0.000000,0.000000,1.265117
271,-1.601152,-0.190766,-4.739162,1.265591,-0.035452,-1.089897,0.780000,1.000000,0.380000,0.000000,0.000000,1.265591
272,-1.600458,-0.178124,-4.750061,1.265840,-0.020048,-1.019713,0.760000,1.000000,0.400000,0.000000,0.100000,1.265840
273,-1.599781,-0.165482,-4.760258,1.265506,-0.003499,-0.830375,0.740000,1.000000,0.420000,0.000000,0.100000,1.265506
274,-1.599141,-0.152844,-4.768562,1.265041,0.009927,-0.646609,0.720000,1.000000,0.420000,0.000000,0.100000,1.265041
275,-1.598530,-0.140208,-4.775028,1.264522,0.020431,-0.470171,0.700000,1.000000,0.440000,0.000000,0.100000,1.264522
276,-1.597942,-0.127574,-4.779730,1.264006,0.028235,-0.302206,0.700000,1.000000,0.440000,0.000000,0.100000,1.264006
277,-1.597373,-0.114944,-4.782752,1.263529,0.033569,-0.143402,0.700000,1.000000,0.460000,0.000000,0.100000,1.263529
278,-1.596820,-0.102316,-4.784186,1.263112,0.036667,0.005884,0.680000,1.000000,0.460000,0.100000,0.100000,1.263112
279,-1.596279,-0.089691,-4.784127,1.269763,0.037756,0.145512,0.680000,1.000000,0.460000,0.000000,0.100000,1.269763
280,-1.595746,-0.076999,-4.782672,1.269476,0.037056,0.275480,0.680000,1.000000,0.460000,0.000000,0.100000,1.269476
281,-1.595224,-0.064310,-4.779917,1.269244,0.034769,0.395944,0.700000,1.000000,0.460000,0.000000,0.100000,1.269244
282,-1.594714,-0.051623,-4.775958,1.269050,0.031092,0.507055,0.700000,1.000000,0.460000,0.000000,0.100000,1.269050
283,-1.594219,-0.038938,-4.770887,1.268875,0.026214,0.609014,0.700000,1.000000,0.440000,0.000000,0.100000,1.268875
284,-1.593738,-0.026256,-4.764797,1.268698,0.020309,0.702064,0.720000,1.000000,0.440000,0.000000,0.100000,1.268698
285,-1.593277,-0.013576,-4.757776,1.268497,0.013541,0.786490,0.720000,1.000000,0.420000,0.000000,0.100000,1.268497
286,-1.592836,-0.000898,-4.749911,1.268249,0.006060,0.862622,0.740000,1.000000,0.420000,0.000000,0.100000,1.268249
287,-1.592421,0.011778,-4.741285,1.267935,-0.001995,0.930830,0.760000,1.000000,0.420000,0.000000,0.100000,1.267935
288,-1.592035,0.024452,-4.731977,1.267536,-0.010498,0.991526,0.760000,1.000000,0.400000,0.000000,0.100000,1.267536
289,-1.591682,0.037123,-4.722062,1.267037,-0.019337,1.045155,0.780000,1.000000,0.400000,0.000000,0.000000,1.267037
290,-1.591366,0.049790,-4.711610,1.266698,-0.031412,0.963777,0.820000,1.000000,0.380000,0.000000,-0.300000,1.266698
291,-1.591061,0.062458,-4.701972,1.264164,-0.048710,0.592568,0.960000,1.000000,0.380000,0.000000,-1.000000,1.264164
292,-1.590706,0.075104,-4.696047,1.255386,-0.059754,0.275020,0.960000,1.000000,0.360000,0.100000,-1.000000,1.255386
293,-1.590314,0.087666,-4.693296,1.253742,-0.066727,-0.043592,0.980000,1.000000,0.360000,0.100000,-1.000000,1.253742
294,-1.589886,0.100213,-4.693732,1.252299,-0.069785,-0.357690,0.980000,1.000000,0.360000,0.100000,-1.000000,1.252299
295,-1.589422,0.112747,-4.697309,1.251083,-0.069094,-0.662493,0.960000,1.000000,0.380000,0.100000,-1.000000,1.251083
296,-1.588920,0.125267,-4.703934,1.250079,-0.064873,-0.953475,0.940000,1.000000,0.380000,0.100000,-1.000000,1.250079
297,-1.588377,0.137773,-4.713469,1.249238,-0.057390,-1.226433,0.920000,1.000000,0.380000,0.100000,-1.000000,1.249238
298,-1.587789,0.150265,-4.725733,1.248483,-0.046952,-1.477613,0.880000,1.000000,0.400000,0.100000,-1.000000,1.248483
299,-1.587153,0.162742,-4.740509,1.247717,-0.033900,-1.703881,0.740000,1.000000,0.420000,0.100000,0.100000,1.247717
300,-1.586463,0.175205,-4.757548,1.254693,-0.008582,-1.474411,0.720000,1.000000,0.440000,0.100000,0.100000,1.254693
301,-1.585811,0.187735,-4.772292,1.261279,0.012883,-1.248294,0.680000,1.000000,0.480000,0.100000,0.100000,1.261279
302,-1.585185,0.200333,-4.784775,1.267633,0.030654,-1.029133,0.660000,1.000000,0.500000,0.000000,0.100000,1.267633
303,-1.584574,0.212998,-4.795067,1.266884,0.044943,-0.819244,0.640000,1.000000,0.520000,0.000000,0.100000,1.266884
304,-1.583975,0.225661,-4.803259,1.266127,0.055926,-0.619550,0.640000,1.000000,0.540000,0.000000,0.100000,1.266127
305,-1.583383,0.238321,-4.809454,1.265431,0.063880,-0.430804,0.620000,1.000000,0.540000,0.000000,0.100000,1.265431
306,-1.582793,0.250977,-4.813763,1.264838,0.069084,-0.253274,0.620000,1.000000,0.540000,0.000000,0.100000,1.264838
307,-1.582200,0.263631,-4.816295,1.264369,0.071812,-0.086936,0.620000,1.000000,0.540000,0.000000,0.100000,1.264369
308,-1.581603,0.276281,-4.817165,1.264031,0.072324,0.068385,0.620000,1.000000,0.520000,0.000000,0.100000,1.264031
309,-1.581000,0.288927,-4.816481,1.263817,0.070869,0.212926,0.620000,1.000000,0.520000,0.000000,0.100000,1.263817
310,-1.580392,0.301571,-4.814352,1.263711,0.067680,0.346941,0.620000,1.000000,0.500000,0.000000,0.100000,1.263711
311,-1.579779,0.314211,-4.810882,1.263691,0.062977,0.470679,0.620000,1.000000,0.500000,0.000000,0.100000,1.263691
312,-1.579163,0.326849,-4.806175,1.263729,0.056966,0.584382,0.620000,1.000000,0.480000,0.000000,0.100000,1.263729
313,-1.578547,0.339484,-4.800332,1.263798,0.049842,0.688296,0.720000,1.000000,0.480000,0.000000,0.100000,1.263798
314,-1.577933,0.352117,-4.793449,1.263867,0.041784,0.782684,0.740000,1.000000,0.460000,0.000000,0.100000,1.263867
315,-1.577326,0.364748,-4.785622,1.263907,0.032960,0.867842,0.740000,1.000000,0.460000,0.000000,0.100000,1.263907
316,-1.576730,0.377377,-4.776943,1.263891,0.023524,0.944111,0.760000,1.000000,0.440000,0.000000,0.100000,1.263891
317,-1.576150,0.390005,-4.767502,1.263794,0.013618,1.011883,0.780000,1.000000,0.440000,0.000000,0.000000,1.263794
318,-1.575590,0.402631,-4.757383,1.263796,0.000315,0.940959,0.800000,1.000000,0.420000,0.000000,0.000000,1.263796
319,-1.575024,0.415256,-4.747974,1.263663,-0.011424,0.871674,0.800000,1.000000,0.420000,0.000000,0.000000,1.263663
320,-1.574461,0.427881,-4.739257,1.263427,-0.021698,0.804515,0.820000,1.000000,0.400000,0.000000,-0.300000,1.263427
321,-1.573904,0.440505,-4.731212,1.261006,-0.037390,0.449783,1.000000,1.000000,0.400000,0.100000,-0.900000,1.261006
322,-1.573293,0.453106,-4.726714,1.259981,-0.047787,0.119541,1.000000,1.000000,0.380000,0.100000,-1.000000,1.259981
323,-1.572635,0.465697,-4.725519,1.258440,-0.053265,-0.177320,1.000000,1.000000,0.380000,0.100000,-1.000000,1.258440
324,-1.571937,0.478274,-4.727292,1.257057,-0.055113,-0.468564,1.000000,0.980000,0.360000,0.100000,-1.000000,1.257057
325,-1.571199,0.490835,-4.731977,1.255843,-0.053504,-0.749720,1.000000,1.000000,0.360000,0.100000,-1.000000,1.255843
326,-1.570418,0.503380,-4.739475,1.254775,-0.048659,-1.016627,1.000000,1.000000,0.340000,0.100000,-1.000000,1.254775
327,-1.569591,0.515910,-4.749641,1.253802,-0.040841,-1.265518,1.000000,1.000000,0.360000,0.100000,-1.000000,1.253802
328,-1.568716,0.528424,-4.762296,1.252851,-0.030350,-1.493144,1.000000,0.980000,0.360000,0.100000,-1.000000,1.252851
329,-1.567788,0.540922,-4.777228,1.251836,-0.017511,-1.696913,0.740000,1.000000,0.380000,0.100000,0.100000,1.251836
330,-1.566802,0.553403,-4.794197,1.258562,0.007040,-1.459815,0.720000,1.000000,0.420000,0.100000,0.100000,1.258562
331,-1.565844,0.565952,-4.808795,1.264950,0.027656,-1.228379,0.680000,1.000000,0.440000,0.000000,0.100000,1.264950
332,-1.564902,0.578569,-4.821079,1.264158,0.044534,-1.005730,0.680000,1.000000,0.460000,0.000000,0.100000,1.264158
333,-1.563973,0.591185,-4.831136,1.263309,0.057833,-0.793264,0.660000,1.000000,0.480000,0.000000,0.100000,1.263309
334,-1.563051,0.603797,-4.839069,1.262494,0.067840,-0.592054,0.640000,1.000000,0.500000,0.100000,0.100000,1.262494
335,-1.562129,0.616407,-4.844989,1.268774,0.074847,-0.402519,0.640000,1.000000,0.520000,0.000000,0.100000,1.268774
336,-1.561193,0.629082,-4.849014,1.268181,0.079191,-0.224900,0.620000,1.000000,0.540000,0.000000,0.100000,1.268181
337,-1.560250,0.641754,-4.851263,1.267734,0.081091,-0.058683,0.620000,1.000000,0.540000,0.000000,0.100000,1.267734
338,-1.559299,0.654421,-4.851850,1.267434,0.080810,0.096411,0.620000,1.000000,0.560000,0.000000,0.100000,1.267434
339,-1.558337,0.667085,-4.850886,1.267269,0.078594,0.240678,0.620000,1.000000,0.560000,0.000000,0.100000,1.267269
340,-1.557366,0.679745,-4.848479,1.267221,0.074678,0.374401,0.620000,1.000000,0.540000,0.000000,0.100000,1.267221
341,-1.556386,0.692401,-4.844735,1.267263,0.069281,0.497836,0.620000,0.940000,0.540000,0.000000,0.000000,1.267263
342,-1.555401,0.705054,-4.839757,1.267471,0.059548,0.480364,0.620000,0.940000,0.540000,0.000000,0.000000,1.267471
343,-1.554382,0.717702,-4.834953,1.267620,0.050515,0.461453,1.000000,0.920000,0.520000,0.000000,-0.700000,1.267620
344,-1.553333,0.730345,-4.830339,1.261471,0.036304,0.190511,1.000000,0.920000,0.520000,0.100000,-0.700000,1.261471
345,-1.552209,0.742915,-4.828434,1.262179,0.025699,-0.086092,1.000000,0.900000,0.520000,0.100000,-0.800000,1.262179
346,-1.551003,0.755481,-4.829294,1.261998,0.019193,-0.340285,1.000000,0.900000,0.520000,0.100000,-0.800000,1.261998
347,-1.549722,0.768037,-4.832697,1.261783,0.015854,-0.591605,1.000000,0.880000,0.540000,0.100000,-0.800000,1.261783
348,-1.548365,0.780583,-4.838613,1.261548,0.015560,-0.836142,1.000000,0.880000,0.560000,0.100000,-0.700000,1.261548
349,-1.546931,0.793118,-4.846975,1.262108,0.017617,-1.093113,1.000000,0.860000,0.580000,0.100000,-0.800000,1.262108
350,-1.545412,0.805648,-4.857906,1.261784,0.023181,-1.313716,1.000000,0.900000,0.580000,0.100000,-0.800000,1.261784
351,-1.543812,0.818166,-4.871043,1.261349,0.031194,-1.518116,1.000000,0.880000,0.560000,0.100000,-0.800000,1.261349
352,-1.542127,0.830671,-4.886224,1.260743,0.041404,-1.704436,1.000000,0.880000,0.560000,0.100000,-0.800000,1.260743
353,-1.540354,0.843160,-4.903269,1.259901,0.053551,-1.871425,1.000000,0.920000,0.560000,0.100000,-0.800000,1.259901
354,-1.538490,0.855632,-4.921983,1.258758,0.067366,-2.018453,1.000000,0.900000,0.620000,0.100000,-0.700000,1.258758
355,-1.536530,0.868084,-4.942167,1.258070,0.082045,-2.168610,0.500000,0.900000,0.600000,0.100000,0.000000,1.258070
356,-1.534463,0.880521,-4.963853,1.263156,0.105068,-2.004456,0.480000,0.900000,0.580000,0.100000,0.000000,1.263156
357,-1.532338,0.893017,-4.983898,1.267913,0.125123,-1.853040,0.460000,0.920000,0.660000,0.000000,0.000000,1.267913
358,-1.530143,0.905567,-5.002428,1.265458,0.142512,-1.713521,0.460000,0.920000,0.640000,0.000000,0.000000,1.265458
359,-1.527889,0.918100,-5.019564,1.262879,0.157359,-1.584406,0.440000,0.920000,0.640000,0.100000,0.000000,1.262879
360,-1.525571,0.930614,-5.035408,1.267250,0.169925,-1.464696,0.420000,0.920000,0.660000,0.000000,0.000000,1.267250
361,-1.523159,0.943170,-5.050055,1.264624,0.180575,-1.353650,0.420000,0.900000,0.660000,0.000000,0.000000,1.264624
362,-1.520674,0.955701,-5.063591,1.262043,0.189365,-1.250034,0.400000,0.900000,0.640000,0.100000,0.000000,1.262043
363,-1.518110,0.968202,-5.076092,1.266540,0.196473,-1.153017,0.400000,0.900000,0.640000,0.000000,0.000000,1.266540
364,-1.515441,0.980738,-5.087622,1.264137,0.202173,-1.061992,0.400000,0.880000,0.660000,0.000000,0.000000,1.264137
365,-1.512689,0.993241,-5.098242,1.261854,0.206477,-0.976175,0.380000,0.880000,0.660000,0.100000,0.000000,1.261854
366,-1.509853,1.005709,-5.108003,1.266702,0.209507,-0.895019,0.380000,0.880000,0.640000,0.000000,0.000000,1.266702
367,-1.506904,1.018205,-5.116954,1.264690,0.211473,-0.818132,0.360000,0.860000,0.640000,0.000000,-0.100000,1.264690
368,-1.503870,1.030663,-5.125135,1.262193,0.210315,-0.832766,0.360000,0.860000,0.620000,0.100000,-0.100000,1.262193
369,-1.500734,1.043069,-5.133463,1.266677,0.209340,-0.846855,0.360000,0.840000,0.660000,0.000000,-0.100000,1.266677
370,-1.497467,1.055485,-5.141931,1.264141,0.208628,-0.860719,0.340000,0.840000,0.640000,0.000000,-0.100000,1.264141
371,-1.494099,1.067846,-5.150538,1.261584,0.208076,-0.874004,0.340000,0.840000,0.640000,0.100000,-0.100000,1.261584
372,-1.490631,1.080153,-5.159278,1.266005,0.207672,-0.886712,0.340000,0.820000,0.620000,0.000000,-0.100000,1.266005
373,-1.487033,1.092468,-5.168145,1.263404,0.207497,-0.899173,0.320000,0.820000,0.620000,0.000000,-0.100000,1.263404
374,-1.483335,1.104725,-5.177137,1.260780,0.207450,-0.911039,0.320000,0.820000,0.660000,0.100000,-0.100000,1.260780
375,-1.479539,1.116926,-5.186248,1.265132,0.207516,-0.922317,0.320000,0.800000,0.640000,0.000000,-0.100000,1.265132
376,-1.475612,1.129130,-5.195471,1.262460,0.207782,-0.933348,0.300000,0.800000,0.640000,0.100000,-0.100000,1.262460
377,-1.471588,1.141275,-5.204804,1.266763,0.208143,-0.943788,0.300000,0.780000,0.620000,0.000000,-0.100000,1.266763
378,-1.467433,1.153422,-5.214242,1.264041,0.208684,-0.953980,0.340000,0.780000,0.660000,0.000000,-0.100000,1.264041
379,-1.463182,1.165507,-5.223782,1.261292,0.209301,-0.963586,0.280000,0.780000,0.640000,0.100000,-0.100000,1.261292
380,-1.458835,1.177531,-5.233418,1.265517,0.209983,-0.972623,0.380000,0.760000,0.640000,0.000000,-0.200000,1.265517
381,-1.454357,1.189552,-5.243144,1.261818,0.209522,-1.036943,0.320000,0.760000,0.620000,0.100000,-0.200000,1.261818
382,-1.449776,1.201495,-5.253513,1.264992,0.209819,-1.099005,1.000000,0.760000,0.620000,0.000000,-0.700000,1.264992
383,-1.445059,1.213418,-5.264503,1.256226,0.210887,-1.160870,0.360000,0.740000,0.620000,0.100000,-0.200000,1.256226
384,-1.440266,1.225220,-5.276112,1.259129,0.212607,-1.218065,1.000000,0.740000,0.600000,0.100000,-0.700000,1.259129
385,-1.435335,1.236999,-5.288293,1.257080,0.215005,-1.274792,0.340000,0.740000,0.600000,0.100000,-0.200000,1.257080
386,-1.430292,1.248713,-5.301041,1.259689,0.218058,-1.327307,1.000000,0.740000,0.580000,0.100000,-0.700000,1.259689
387,-1.425111,1.260401,-5.314314,1.257334,0.221722,-1.378478,0.320000,0.720000,0.620000,0.100000,-0.200000,1.257334
388,-1.419819,1.272020,-5.328099,1.259621,0.225924,-1.426158,0.320000,0.720000,0.620000,0.100000,-0.200000,1.259621
389,-1.414389,1.283608,-5.342360,1.261736,0.230673,-1.471624,1.000000,0.720000,0.600000,0.100000,-0.700000,1.261736
390,-1.408820,1.295162,-5.357076,1.258877,0.235974,-1.513036,0.300000,0.720000,0.600000,0.100000,-0.200000,1.258877
391,-1.403141,1.306642,-5.372207,1.260632,0.241591,-1.553854,1.000000,0.720000,0.600000,0.100000,-0.700000,1.260632
392,-1.397322,1.318083,-5.387745,1.257408,0.247752,-1.587923,0.280000,0.700000,0.580000,0.100000,-0.300000,1.257408
393,-1.391395,1.329446,-5.403625,1.257779,0.253449,-1.650168,1.000000,0.700000,0.580000,0.100000,-0.700000,1.257779
394,-1.385329,1.340752,-5.420126,1.254124,0.260608,-1.676510,1.000000,0.700000,0.580000,0.100000,-0.700000,1.254124
395,-1.379156,1.351976,-5.436891,1.250278,0.267945,-1.698763,1.000000,0.700000,0.560000,0.100000,-0.700000,1.250278
396,-1.372876,1.363114,-5.453879,1.246248,0.275406,-1.717059,1.000000,0.700000,0.560000,0.100000,-0.700000,1.246248
397,-1.366490,1.374165,-5.471050,1.242037,0.282941,-1.731549,1.000000,0.700000,0.560000,0.100000,-0.700000,1.242037
398,-1.359999,1.385126,-5.488365,1.237654,0.290500,-1.742399,1.000000,0.700000,0.560000,0.100000,-0.700000,1.237654
399,-1.353404,1.395994,-5.505789,1.233105,0.298039,-1.749783,1.000000,0.700000,0.540000,0.100000,-0.700000,1.233105
400,-1.346706,1.406767,-5.523287,1.228401,0.305514,-1.753883,1.000000,0.700000,0.540000,0.100000,-0.700000,1.228401
401,-1.339905,1.417444,-5.540826,1.223550,0.312885,-1.754881,1.000000,0.700000,0.540000,0.100000,-0.700000,1.223550
402,-1.333005,1.428021,-5.558374,1.218565,0.320116,-1.752961,1.000000,0.700000,0.540000,0.100000,-0.700000,1.218565
403,-1.326004,1.438497,-5.575904,1.213457,0.327173,-1.748305,1.000000,0.700000,0.520000,0.100000,-0.700000,1.213457
404,-1.318906,1.448868,-5.593387,1.208238,0.334024,-1.741091,1.000000,0.700000,0.520000,0.100000,-0.700000,1.208238
405,-1.311712,1.459134,-5.610798,1.202921,0.340640,-1.731494,1.000000,0.700000,0.520000,0.100000,-0.700000,1.202921
406,-1.304423,1.469291,-5.628113,1.197520,0.346997,-1.719681,1.000000,0.700000,0.520000,0.100000,-0.700000,1.197520
407,-1.297040,1.479338,-5.645310,1.192049,0.353069,-1.705813,1.000000,0.700000,0.500000,0.100000,-0.800000,1.192049
408,-1.289566,1.489273,-5.662368,1.185757,0.359476,-1.662747,1.000000,0.720000,0.500000,0.100000,-0.800000,1.185757
409,-1.282013,1.499095,-5.678995,1.179510,0.365224,-1.617887,1.000000,0.720000,0.500000,0.100000,-0.800000,1.179510
410,-1.274380,1.508801,-5.695174,1.173330,0.370304,-1.571465,1.000000,0.720000,0.500000,0.100000,-0.800000,1.173330
411,-1.266672,1.518391,-5.710889,1.167240,0.374708,-1.523697,1.000000,0.720000,0.500000,0.100000,-0.800000,1.167240
412,-1.258889,1.527862,-5.726126,1.161259,0.378432,-1.474784,1.000000,0.720000,0.480000,0.100000,-0.800000,1.161259
413,-1.251032,1.537214,-5.740874,1.155407,0.381475,-1.424917,1.000000,0.720000,0.480000,0.100000,-0.800000,1.155407
414,-1.243105,1.546445,-5.755123,1.149700,0.383838,-1.374280,1.000000,0.740000,0.480000,0.100000,-0.800000,1.149700
415,-1.235108,1.555553,-5.768866,1.144153,0.385522,-1.323045,1.000000,0.740000,0.480000,0.100000,-0.800000,1.144153
416,-1.227043,1.564538,-5.782096,1.138781,0.386534,-1.271380,1.000000,0.740000,0.480000,0.100000,-0.800000,1.138781
417,-1.218912,1.573399,-5.794810,1.133596,0.386880,-1.219450,1.000000,0.740000,0.460000,0.100000,-0.800000,1.133596
418,-1.210717,1.582134,-5.807004,1.128607,0.386568,-1.167415,1.000000,0.740000,0.460000,0.100000,-0.800000,1.128607
419,-1.202458,1.590743,-5.818679,1.123824,0.385608,-1.115435,1.000000,0.740000,0.460000,0.100000,-0.800000,1.123824
420,-1.194138,1.599225,-5.829833,1.119253,0.384011,-1.063669,1.000000,0.740000,0.460000,0.100000,-0.800000,1.119253
421,-1.185758,1.607579,-5.840470,1.114899,0.381791,-1.012277,1.000000,0.740000,0.460000,0.100000,-0.800000,1.114899
422,-1.177320,1.615805,-5.850592,1.110766,0.378963,-0.961424,1.000000,0.740000,0.440000,0.100000,-0.800000,1.110766
423,-1.168824,1.623902,-5.860207,1.106855,0.375543,-0.911277,1.000000,0.740000,0.440000,0.100000,-0.800000,1.106855
424,-1.160272,1.631870,-5.869319,1.103166,0.371549,-0.862009,1.000000,0.740000,0.440000,0.100000,-0.800000,1.103166
425,-1.151666,1.639709,-5.877939,1.099698,0.366999,-0.813799,1.000000,0.740000,0.440000,0.100000,-0.800000,1.099698
426,-1.143007,1.647417,-5.886077,1.096446,0.361916,-0.766835,1.000000,0.740000,0.420000,0.100000,-0.800000,1.096446
427,-1.134295,1.654995,-5.893746,1.093407,0.356322,-0.721313,1.000000,0.740000,0.420000,0.100000,-0.800000,1.093407
428,-1.125533,1.662443,-5.900959,1.090575,0.350242,-0.677439,1.000000,0.740000,0.420000,0.100000,-0.800000,1.090575
429,-1.116721,1.669760,-5.907733,1.087941,0.343703,-0.635428,1.000000,0.740000,0.400000,0.100000,-0.800000,1.087941
430,-1.107859,1.676947,-5.914088,1.085497,0.336733,-0.595506,1.000000,0.720000,0.400000,0.100000,-0.800000,1.085497
431,-1.098950,1.684004,-5.920043,1.083234,0.329364,-0.557911,1.000000,0.720000,0.400000,0.100000,-0.800000,1.083234
432,-1.089994,1.690930,-5.925622,1.081140,0.321630,-0.522890,1.000000,0.720000,0.400000,0.100000,-0.800000,1.081140
433,-1.080992,1.697727,-5.930851,1.079203,0.313565,-0.490701,1.000000,0.720000,0.380000,0.100000,-0.900000,1.079203
434,-1.071945,1.704394,-5.935758,1.076731,0.305941,-0.430339,1.000000,0.700000,0.380000,0.100000,-0.800000,1.076731
435,-1.062863,1.710937,-5.940061,1.075163,0.296996,-0.404671,1.000000,0.700000,0.380000,0.100000,-0.800000,1.075163
436,-1.053737,1.717351,-5.944108,1.073712,0.287850,-0.382800,1.000000,0.680000,0.360000,0.100000,-0.800000,1.073712
437,-1.044569,1.723637,-5.947936,1.072363,0.278551,-0.365013,1.000000,0.680000,0.360000,0.100000,-0.800000,1.072363
438,-1.035359,1.729796,-5.951586,1.071102,0.269149,-0.351586,1.000000,0.680000,0.360000,0.100000,-0.800000,1.071102
439,-1.026108,1.735827,-5.955102,1.069914,0.259698,-0.342784,1.000000,0.660000,0.340000,0.100000,-0.900000,1.069914
440,-1.016816,1.741734,-5.958530,1.068099,0.250979,-0.307821,1.000000,0.660000,0.340000,0.100000,-0.900000,1.068099
441,-1.007493,1.747519,-5.961608,1.066405,0.241990,-0.278076,1.000000,0.640000,0.340000,0.100000,-0.900000,1.066405
442,-0.998141,1.753186,-5.964389,1.064812,0.232796,-0.253948,1.000000,0.640000,0.320000,0.100000,-0.900000,1.064812
443,-0.988759,1.758734,-5.966928,1.063302,0.223466,-0.235814,1.000000,0.640000,0.320000,0.100000,-0.900000,1.063302
444,-0.979348,1.764164,-5.969286,1.061859,0.214073,-0.224013,1.000000,0.620000,0.320000,0.100000,-0.900000,1.061859
445,-0.969910,1.769479,-5.971526,1.060466,0.204689,-0.218835,1.000000,0.620000,0.320000,0.100000,-0.900000,1.060466
446,-0.960443,1.774679,-5.973715,1.059106,0.195392,-0.220502,1.000000,0.600000,0.300000,0.100000,-0.900000,1.059106
447,-0.950951,1.779766,-5.975920,1.057766,0.186256,-0.229157,1.000000,0.600000,0.300000,0.100000,-0.900000,1.057766
448,-0.941432,1.784741,-5.978211,1.056433,0.177358,-0.244850,1.000000,0.580000,0.300000,0.100000,-0.900000,1.056433
449,-0.931887,1.789604,-5.980660,1.055095,0.168769,-0.267524,1.000000,0.580000,0.280000,0.100000,-0.900000,1.055095
450,-0.922318,1.794359,-5.983335,1.053743,0.160559,-0.297010,1.000000,0.560000,0.280000,0.100000,-0.900000,1.053743
451,-0.912725,1.799005,-5.986305,1.052368,0.152795,-0.333022,1.000000,0.560000,0.280000,0.100000,-0.900000,1.052368
452,-0.903109,1.803545,-5.989635,1.050965,0.145536,-0.375159,1.000000,0.560000,0.280000,0.100000,-0.900000,1.050965
453,-0.893470,1.807979,-5.993387,1.049527,0.138835,-0.422911,1.000000,0.540000,0.260000,0.100000,-0.900000,1.049527
454,-0.883809,1.812309,-5.997616,1.048051,0.132736,-0.475669,1.000000,0.540000,0.260000,0.100000,-0.900000,1.048051
455,-0.874127,1.816535,-6.002373,1.046533,0.127276,-0.532741,1.000000,0.540000,0.260000,0.100000,-0.900000,1.046533
456,-0.864424,1.820658,-6.007700,1.044972,0.122484,-0.593369,1.000000,0.540000,0.260000,0.100000,-0.900000,1.044972
457,-0.854702,1.824679,-6.013634,1.043365,0.118376,-0.656751,1.000000,0.540000,0.260000,0.100000,-0.900000,1.043365
458,-0.844960,1.828599,-6.020201,1.041710,0.114964,-0.722057,1.000000,0.540000,0.240000,0.100000,-0.900000,1.041710
459,-0.835200,1.832417,-6.027422,1.040004,0.112246,-0.788456,1.000000,0.540000,0.240000,0.100000,-0.900000,1.040004
460,-0.825422,1.836134,-6.035307,1.038246,0.110216,-0.855128,1.000000,0.540000,0.240000,0.100000,-0.900000,1.038246
461,-0.815628,1.839750,-6.043858,1.036432,0.108855,-0.921290,1.000000,0.560000,0.240000,0.100000,-0.900000,1.036432
462,-0.805817,1.843264,-6.053071,1.034560,0.108141,-0.986205,1.000000,0.560000,0.240000,0.100000,-0.900000,1.034560
463,-0.795990,1.846677,-6.062933,1.032625,0.108044,-1.049196,1.000000,0.580000,0.240000,0.100000,-0.900000,1.032625
464,-0.786150,1.849987,-6.073425,1.030624,0.108527,-1.109659,1.000000,0.580000,0.240000,0.100000,-0.900000,1.030624
465,-0.776295,1.853195,-6.084521,1.028553,0.109550,-1.167065,1.000000,0.600000,0.240000,0.100000,-0.900000,1.028553
466,-0.766428,1.856298,-6.096192,1.026409,0.111069,-1.220966,1.000000,0.620000,0.240000,0.100000,-1.000000,1.026409
467,-0.756550,1.859298,-6.108402,1.023571,0.113818,-1.237566,1.000000,0.660000,0.240000,0.100000,-1.000000,1.023571
468,-0.746668,1.862199,-6.120777,1.020680,0.116621,-1.250259,1.000000,0.700000,0.240000,0.100000,-1.000000,1.020680
469,-0.736784,1.865000,-6.133280,1.017739,0.119439,-1.259165,1.000000,0.720000,0.240000,0.100000,-1.000000,1.017739
470,-0.726899,1.867701,-6.145871,1.014752,0.122236,-1.264442,1.000000,0.720000,0.240000,0.100000,-1.000000,1.014752
471,-0.717014,1.870301,-6.158516,1.011723,0.124977,-1.266270,1.000000,0.700000,0.240000,0.100000,-1.000000,1.011723
472,-0.707131,1.872799,-6.171179,1.008657,0.127630,-1.264853,1.000000,0.700000,0.240000,0.100000,-1.000000,1.008657
473,-0.697250,1.875195,-6.183827,1.005559,0.130167,-1.260412,1.000000,0.700000,0.240000,0.100000,-1.000000,1.005559
474,-0.687373,1.877487,-6.196431,1.002434,0.132562,-1.253184,1.000000,0.680000,0.240000,0.100000,-1.000000,1.002434
475,-0.677502,1.879676,-6.208963,0.999288,0.134791,-1.243411,1.000000,0.760000,0.240000,0.100000,-1.000000,0.999288
476,-0.667636,1.881762,-6.221397,0.996128,0.136836,-1.231346,1.000000,0.900000,0.240000,0.100000,-1.000000,0.996128
477,-0.657778,1.883743,-6.233711,0.992958,0.138678,-1.217245,1.000000,1.000000,0.240000,0.100000,-1.000000,0.992958
478,-0.647930,1.885619,-6.245883,0.989785,0.140305,-1.201366,1.000000,1.000000,0.260000,0.100000,-1.000000,0.989785
479,-0.638091,1.887390,-6.257897,0.986614,0.141703,-1.183967,1.000000,1.000000,0.260000,0.100000,-1.000000,0.986614
480,-0.628264,1.889056,-6.269736,0.983451,0.142865,-1.165305,1.000000,1.000000,0.260000,0.100000,-1.000000,0.983451
481,-0.618449,1.890617,-6.281390,0.980301,0.143784,-1.145633,1.000000,1.000000,0.260000,0.100000,-1.000000,0.980301
482,-0.608649,1.892072,-6.292846,0.977169,0.144458,-1.125202,1.000000,1.000000,0.260000,0.100000,-1.000000,0.977169
483,-0.598864,1.893422,-6.304098,0.974059,0.144885,-1.104257,1.000000,1.000000,0.280000,0.100000,-1.000000,0.974059
484,-0.589095,1.894667,-6.315140,0.970974,0.145068,-1.083037,0.960000,1.000000,0.280000,0.100000,-1.000000,0.970974
485,-0.579344,1.895807,-6.325971,0.967919,0.145009,-1.061774,0.940000,1.000000,0.280000,0.100000,-1.000000,0.967919
486,-0.569612,1.896842,-6.336589,0.964895,0.144714,-1.040692,0.920000,1.000000,0.300000,0.100000,-1.000000,0.964895
487,-0.559899,1.897772,-6.346995,0.961905,0.144192,-1.020006,0.900000,1.000000,0.300000,0.100000,-1.000000,0.961905
488,-0.550208,1.898597,-6.357196,0.958950,0.143452,-0.999923,0.880000,1.000000,0.300000,0.100000,-1.000000,0.958950
489,-0.540538,1.899319,-6.367195,0.956033,0.142505,-0.980636,0.860000,1.000000,0.320000,0.100000,-0.300000,0.956033
490,-0.530892,1.899937,-6.377001,0.959083,0.138762,-1.073661,0.840000,1.000000,0.320000,0.100000,-0.300000,0.959083
491,-0.521214,1.900420,-6.387738,0.962057,0.136019,-1.165553,0.840000,1.000000,0.340000,0.100000,-0.300000,0.962057
492,-0.511504,1.900768,-6.399393,0.964949,0.134243,-1.255692,0.820000,1.000000,0.360000,0.100000,-0.300000,0.964949
493,-0.501764,1.900983,-6.411950,0.967752,0.133396,-1.343533,0.800000,1.000000,0.380000,0.100000,0.000000,0.967752
494,-0.491995,1.901063,-6.425385,0.972880,0.138352,-1.218391,0.780000,1.000000,0.400000,0.100000,0.000000,0.972880
495,-0.482168,1.901054,-6.437569,0.978113,0.141933,-1.103093,0.760000,1.000000,0.420000,0.100000,0.100000,0.978113
496,-0.472285,1.900952,-6.448600,0.983503,0.147247,-0.870252,0.740000,1.000000,0.440000,0.100000,0.100000,0.983503
497,-0.462342,1.900785,-6.457303,0.989211,0.150040,-0.655633,0.740000,1.000000,0.460000,0.100000,0.100000,0.989211
498,-0.452339,1.900549,-6.463859,0.995242,0.150610,-0.456844,0.720000,1.000000,0.480000,0.100000,0.100000,0.995242
499,-0.442278,1.900242,-6.468428,1.001584,0.149216,-0.272013,0.720000,1.000000,0.500000,0.100000,0.100000,1.001584
500,-0.432159,1.899864,-6.471148,1.008216,0.146084,-0.099733,0.720000,1.000000,0.480000,0.100000,0.100000,1.008216
501,-0.421981,1.899415,-6.472145,1.015110,0.141420,0.060995,0.720000,1.000000,0.480000,0.100000,0.100000,1.015110
502,-0.411745,1.898898,-6.471535,1.022232,0.135408,0.210838,0.720000,1.000000,0.460000,0.100000,0.100000,1.022232
503,-0.401450,1.898314,-6.469427,1.029544,0.128222,0.350198,0.720000,1.000000,0.460000,0.100000,0.100000,1.029544
504,-0.391096,1.897668,-6.465925,1.037006,0.120023,0.479288,0.720000,1.000000,0.440000,0.100000,0.100000,1.037006
505,-0.380680,1.896963,-6.461132,1.044577,0.110966,0.598204,0.720000,1.000000,0.440000,0.100000,0.100000,1.044577
506,-0.370203,1.896206,-6.455150,1.052216,0.101195,0.706989,0.720000,1.000000,0.440000,0.100000,0.100000,1.052216
507,-0.359663,1.895403,-6.448080,1.059884,0.090850,0.805697,0.740000,1.000000,0.420000,0.100000,0.100000,1.059884
508,-0.349058,1.894559,-6.440023,1.067543,0.080061,0.894449,0.740000,1.000000,0.420000,0.100000,0.100000,1.067543
509,-0.338389,1.893683,-6.431079,1.075159,0.068949,0.973462,0.760000,1.000000,0.400000,0.100000,0.100000,1.075159
510,-0.327653,1.892780,-6.421344,1.082701,0.057624,1.043075,0.760000,1.000000,0.400000,0.100000,0.100000,1.082701
511,-0.316850,1.891860,-6.410913,1.090143,0.046185,1.103744,0.780000,1.000000,0.400000,0.100000,0.000000,1.090143
512,-0.305979,1.890929,-6.399876,1.097551,0.031667,1.025448,0.800000,1.000000,0.380000,0.100000,0.000000,1.097551
513,-0.295041,1.889966,-6.389621,1.104773,0.018766,0.948855,0.820000,1.000000,0.380000,0.100000,-0.300000,1.104773
514,-0.284036,1.888979,-6.380133,1.109588,0.001370,0.617622,0.820000,1.000000,0.360000,0.100000,-0.300000,1.109588
515,-0.272991,1.887919,-6.373956,1.114319,-0.011921,0.288765,0.840000,1.000000,0.360000,0.100000,-0.300000,1.114319
516,-0.261904,1.886790,-6.371069,1.119087,-0.021244,-0.032475,0.840000,1.000000,0.360000,0.100000,-0.300000,1.119087
517,-0.250775,1.885596,-6.371394,1.123965,-0.026799,-0.341919,0.920000,1.000000,0.340000,0.100000,-1.000000,1.123965
518,-0.239603,1.884339,-6.374813,1.122600,-0.027845,-0.594186,0.820000,1.000000,0.340000,0.100000,-0.300000,1.122600
519,-0.228449,1.883034,-6.380755,1.127730,-0.027156,-0.872960,0.820000,1.000000,0.320000,0.100000,-0.300000,1.127730
520,-0.217252,1.881666,-6.389484,1.132961,-0.023493,-1.132787,0.800000,1.000000,0.320000,0.100000,0.000000,1.132961
521,-0.206011,1.880230,-6.400812,1.140118,-0.009551,-1.047054,0.780000,1.000000,0.300000,0.100000,0.000000,1.140118
522,-0.194700,1.878797,-6.411283,1.147107,0.002719,-0.964413,0.760000,1.000000,0.300000,0.100000,0.100000,1.147107
523,-0.183320,1.877359,-6.420927,1.153610,0.016325,-0.761940,0.740000,1.000000,0.280000,0.100000,0.100000,1.153610
524,-0.171870,1.875936,-6.428546,1.160060,0.027008,-0.569455,0.720000,1.000000,0.300000,0.100000,0.100000,1.160060
525,-0.160353,1.874523,-6.434241,1.166518,0.035000,-0.387929,0.720000,1.000000,0.320000,0.100000,0.100000,1.166518
526,-0.148768,1.873114,-6.438120,1.173025,0.040540,-0.217758,0.720000,1.000000,0.320000,0.100000,0.100000,1.173025
527,-0.137116,1.871704,-6.440298,1.179604,0.043864,-0.058973,0.700000,1.000000,0.340000,0.100000,0.100000,1.179604
528,-0.125396,1.870292,-6.440887,1.186263,0.045198,0.088613,0.700000,1.000000,0.340000,0.100000,0.100000,1.186263
529,-0.113610,1.868875,-6.440001,1.193001,0.044757,0.225304,0.700000,1.000000,0.340000,0.100000,0.100000,1.193001
530,-0.101756,1.867454,-6.437748,1.199806,0.042745,0.351460,0.700000,1.000000,0.360000,0.100000,0.100000,1.199806
531,-0.089835,1.866029,-6.434234,1.206662,0.039349,0.467464,0.700000,1.000000,0.360000,0.100000,0.100000,1.206662
532,-0.077847,1.864603,-6.429559,1.213550,0.034746,0.573713,0.700000,1.000000,0.340000,0.100000,0.100000,1.213550
533,-0.065791,1.863176,-6.423822,1.220447,0.029096,0.670615,0.800000,1.000000,0.340000,0.100000,0.000000,1.220447
534,-0.053666,1.861754,-6.417116,1.227515,0.019490,0.627687,0.800000,1.000000,0.340000,0.100000,0.000000,1.227515
535,-0.041475,1.860308,-6.410839,1.234508,0.010870,0.585437,0.820000,1.000000,0.340000,0.100000,-0.300000,1.234508
536,-0.029216,1.858844,-6.404984,1.239250,-0.003207,0.271030,0.820000,1.000000,0.340000,0.100000,-0.300000,1.239250
537,-0.016919,1.857307,-6.402274,1.243991,-0.013084,-0.038412,0.820000,1.000000,0.340000,0.100000,-0.300000,1.243991
538,-0.004583,1.855699,-6.402658,1.248806,-0.018933,-0.338734,0.900000,1.000000,0.340000,0.100000,-1.000000,1.248806
539,0.007793,1.854022,-6.406046,1.247383,-0.019854,-0.578506,0.800000,1.000000,0.360000,0.100000,0.000000,1.247383
540,0.020149,1.852297,-6.411831,1.254365,-0.011709,-0.540696,0.880000,1.000000,0.360000,0.100000,-1.000000,1.254365
541,0.032574,1.850571,-6.417238,1.252939,-0.010459,-0.761991,0.780000,1.000000,0.380000,0.100000,0.000000,1.252939
542,0.044977,1.848793,-6.424857,1.259884,-0.000509,-0.708092,0.860000,1.000000,0.400000,0.100000,-0.300000,1.259884
543,0.057449,1.847009,-6.431938,1.264718,0.001214,-0.959290,0.760000,1.000000,0.420000,0.000000,0.100000,1.264718
544,0.069958,1.845147,-6.441531,1.264214,0.016003,-0.764668,0.740000,1.000000,0.460000,0.000000,0.100000,1.264214
545,0.082467,1.843311,-6.449178,1.263643,0.027671,-0.577731,0.720000,1.000000,0.480000,0.000000,0.100000,1.263643
546,0.094976,1.841496,-6.454955,1.263073,0.036452,-0.399746,0.720000,1.000000,0.500000,0.100000,0.100000,1.263073
547,0.107483,1.839696,-6.458953,1.269548,0.042591,-0.231438,0.720000,1.000000,0.520000,0.000000,0.100000,1.269548
548,0.120057,1.837896,-6.461267,1.269094,0.046362,-0.073319,0.700000,1.000000,0.540000,0.000000,0.100000,1.269094
549,0.132630,1.836104,-6.462000,1.268724,0.047970,0.074733,0.700000,1.000000,0.540000,0.000000,0.100000,1.268724
550,0.145200,1.834319,-6.461253,1.268437,0.047647,0.212745,0.780000,1.000000,0.540000,0.000000,0.000000,1.268437
551,0.157768,1.832542,-6.459126,1.268401,0.042553,0.209845,0.780000,1.000000,0.540000,0.000000,0.000000,1.268401
552,0.170331,1.830740,-6.457027,1.268353,0.037753,0.205814,0.780000,1.000000,0.520000,0.000000,0.000000,1.268353
553,0.182888,1.828918,-6.454969,1.268294,0.033246,0.200802,0.780000,1.000000,0.520000,0.000000,0.000000,1.268294
554,0.195441,1.827078,-6.452961,1.268223,0.029030,0.194951,0.780000,1.000000,0.500000,0.000000,0.000000,1.268223
555,0.207990,1.825221,-6.451011,1.268142,0.025103,0.188398,1.000000,1.000000,0.500000,0.000000,-0.900000,1.268142
556,0.220536,1.823351,-6.449127,1.260303,0.016056,-0.049838,1.000000,1.000000,0.480000,0.100000,-0.900000,1.260303
557,0.232992,1.821427,-6.449626,1.259417,0.010060,-0.289225,1.000000,1.000000,0.480000,0.100000,-0.900000,1.259417
558,0.245429,1.819440,-6.452518,1.258518,0.007032,-0.525865,1.000000,1.000000,0.460000,0.100000,-0.900000,1.258518
559,0.257846,1.817388,-6.457777,1.257615,0.006854,-0.756019,1.000000,1.000000,0.460000,0.100000,-0.900000,1.257615
560,0.270243,1.815271,-6.465337,1.256702,0.009369,-0.976301,1.000000,1.000000,0.440000,0.100000,-1.000000,1.256702
561,0.282619,1.813087,-6.475100,1.255118,0.015147,-1.151117,1.000000,1.000000,0.460000,0.100000,-1.000000,1.255118
562,0.294968,1.810841,-6.486611,1.253451,0.022797,-1.311004,1.000000,1.000000,0.500000,0.100000,-1.000000,1.253451
563,0.307291,1.808532,-6.499721,1.251658,0.032093,-1.454461,0.700000,1.000000,0.560000,0.100000,0.100000,1.251658
564,0.319584,1.806157,-6.514266,1.257737,0.051365,-1.214170,0.680000,1.000000,0.560000,0.100000,0.100000,1.257737
565,0.331945,1.803776,-6.526407,1.263716,0.066853,-0.985548,0.660000,1.000000,0.540000,0.000000,0.100000,1.263716
566,0.344371,1.801382,-6.536263,1.262709,0.078842,-0.769624,0.640000,1.000000,0.540000,0.100000,0.100000,1.262709
567,0.356793,1.798983,-6.543959,1.268796,0.087550,-0.566267,0.640000,1.000000,0.520000,0.000000,0.100000,1.268796
568,0.369278,1.796558,-6.549622,1.268028,0.093352,-0.375677,0.620000,0.980000,0.520000,0.000000,0.100000,1.268028
569,0.381756,1.794120,-6.553379,1.267432,0.096472,-0.197156,0.620000,0.980000,0.580000,0.000000,0.100000,1.267432
570,0.394228,1.791667,-6.555350,1.267016,0.097191,-0.030285,0.620000,0.960000,0.580000,0.000000,0.000000,1.267016
571,0.406693,1.789197,-6.555653,1.266850,0.092726,-0.004961,0.620000,0.960000,0.560000,0.000000,0.000000,1.266850
572,0.419144,1.786681,-6.555703,1.266708,0.088152,0.017829,0.600000,0.940000,0.560000,0.000000,0.000000,1.266708
573,0.431581,1.784120,-6.555524,1.266587,0.083509,0.038177,0.600000,0.940000,0.540000,0.000000,0.000000,1.266587
574,0.444005,1.781517,-6.555143,1.266482,0.078831,0.056177,1.000000,0.920000,0.540000,0.000000,-0.700000,1.266482
575,0.456416,1.778875,-6.554581,1.260131,0.068662,-0.162911,1.000000,0.920000,0.520000,0.100000,-0.800000,1.260131
576,0.468740,1.776158,-6.556210,1.259834,0.061905,-0.360191,1.000000,0.900000,0.520000,0.100000,-0.800000,1.259834
577,0.481039,1.773357,-6.559812,1.259434,0.057646,-0.557436,1.000000,0.900000,0.500000,0.100000,-0.800000,1.259434
578,0.493312,1.770472,-6.565386,1.258942,0.055819,-0.751626,1.000000,0.900000,0.500000,0.100000,-0.800000,1.258942
579,0.505558,1.767502,-6.572902,1.258356,0.056323,-0.939990,1.000000,0.880000,0.480000,0.100000,-0.800000,1.258356
580,0.517778,1.764447,-6.582302,1.257664,0.059028,-1.120071,1.000000,0.920000,0.560000,0.100000,-0.800000,1.257664
581,0.529971,1.761305,-6.593503,1.256842,0.063782,-1.289778,1.000000,0.900000,0.540000,0.100000,-0.800000,1.256842
582,0.542133,1.758075,-6.606401,1.255859,0.070412,-1.447420,1.000000,0.900000,0.540000,0.100000,-0.800000,1.255859
583,0.554265,1.754754,-6.620875,1.254678,0.078733,-1.591727,1.000000,0.940000,0.520000,0.100000,-0.900000,1.254678
584,0.566364,1.751340,-6.636792,1.252540,0.089227,-1.692893,0.500000,0.940000,0.600000,0.100000,0.000000,1.252540
585,0.578424,1.747839,-6.653721,1.257896,0.105815,-1.558738,0.500000,0.920000,0.580000,0.100000,0.000000,1.257896
586,0.590532,1.744271,-6.669309,1.263111,0.120080,-1.434154,0.480000,0.920000,0.580000,0.100000,0.000000,1.263111
587,0.602686,1.740626,-6.683650,1.268253,0.132251,-1.318391,0.460000,0.960000,0.560000,0.000000,0.000000,1.268253
588,0.614880,1.736900,-6.696834,1.266372,0.142532,-1.210648,0.460000,0.960000,0.640000,0.000000,0.000000,1.266372
589,0.627049,1.733115,-6.708941,1.264510,0.150989,-1.109828,0.440000,0.960000,0.640000,0.000000,0.000000,1.264510
590,0.639189,1.729267,-6.720039,1.262697,0.157795,-1.015308,0.440000,0.940000,0.620000,0.100000,0.000000,1.262697
591,0.651297,1.725355,-6.730192,1.267959,0.163105,-0.926509,0.440000,0.940000,0.700000,0.000000,0.100000,1.267959
592,0.663436,1.721345,-6.739457,1.266333,0.170124,-0.716234,0.420000,0.940000,0.680000,0.000000,0.100000,1.266333
593,0.675554,1.717292,-6.746619,1.265031,0.174140,-0.519343,0.420000,0.920000,0.680000,0.000000,0.000000,1.265031
594,0.687648,1.713195,-6.751813,1.263990,0.172566,-0.458275,0.400000,0.960000,0.660000,0.000000,0.100000,1.263990
595,0.699705,1.709026,-6.756395,1.263141,0.173160,-0.276679,0.400000,0.960000,0.660000,0.100000,0.100000,1.263141
596,0.711737,1.704810,-6.759162,1.269618,0.171409,-0.105752,0.500000,0.940000,0.640000,0.000000,0.000000,1.269618
597,0.723808,1.700516,-6.760220,1.269300,0.164739,-0.067061,0.440000,0.940000,0.640000,0.000000,0.000000,1.269300
598,0.735840,1.696152,-6.760890,1.269052,0.157837,-0.030910,0.540000,0.920000,0.620000,0.000000,0.000000,1.269052
599,0.747836,1.691719,-6.761199,1.268865,0.150751,0.002662,1.000000,0.920000,0.620000,0.000000,-0.600000,1.268865
600,0.759795,1.687221,-6.761173,1.263291,0.139063,-0.157303,1.000000,0.900000,0.600000,0.000000,-0.700000,1.263291
601,0.771652,1.682644,-6.762746,1.256639,0.129991,-0.302674,1.000000,0.900000,0.600000,0.100000,-0.700000,1.256639
602,0.783401,1.678000,-6.765773,1.256822,0.122819,-0.451219,1.000000,0.880000,0.580000,0.100000,-0.700000,1.256822
603,0.795104,1.673255,-6.770285,1.256852,0.117572,-0.601722,1.000000,0.880000,0.580000,0.100000,-0.700000,1.256852
604,0.806761,1.668411,-6.776302,1.256736,0.114232,-0.752163,1.000000,0.860000,0.580000,0.100000,-0.700000,1.256736
605,0.818371,1.663468,-6.783824,1.256475,0.112754,-0.900612,1.000000,0.860000,0.560000,0.100000,-0.700000,1.256475
606,0.829935,1.658427,-6.792830,1.256061,0.113072,-1.045286,1.000000,0.860000,0.600000,0.100000,-0.700000,1.256061
607,0.841451,1.653286,-6.803283,1.255484,0.115100,-1.184599,1.000000,0.840000,0.580000,0.100000,-0.800000,1.255484
608,0.852918,1.648045,-6.815129,1.253926,0.119310,-1.292622,1.000000,0.840000,0.580000,0.100000,-0.800000,1.253926
609,0.864330,1.642713,-6.828055,1.252190,0.124697,-1.392962,1.000000,0.840000,0.560000,0.100000,-0.800000,1.252190
610,0.875685,1.637290,-6.841985,1.250257,0.131145,-1.484983,1.000000,0.840000,0.560000,0.100000,-0.800000,1.250257
611,0.886981,1.631773,-6.856834,1.248112,0.138533,-1.568257,1.000000,0.840000,0.560000,0.100000,-0.800000,1.248112
612,0.898216,1.626163,-6.872517,1.245740,0.146738,-1.642543,1.000000,0.820000,0.540000,0.100000,-0.800000,1.245740
613,0.909388,1.620459,-6.888942,1.243127,0.155640,-1.707772,1.000000,0.820000,0.580000,0.100000,-0.800000,1.243127
614,0.920493,1.614660,-6.906020,1.240264,0.165117,-1.764021,0.460000,0.820000,0.580000,0.100000,-0.100000,1.240264
615,0.931530,1.608767,-6.923660,1.243696,0.176710,-1.740770,0.440000,0.820000,0.560000,0.100000,-0.100000,1.243696
616,0.942558,1.602751,-6.941068,1.246944,0.187725,-1.718656,0.440000,0.820000,0.600000,0.100000,-0.100000,1.246944
617,0.953573,1.596613,-6.958255,1.250023,0.198205,-1.697654,0.420000,0.820000,0.600000,0.100000,-0.100000,1.250023
618,0.964570,1.590348,-6.975231,1.252947,0.208187,-1.677726,0.420000,0.820000,0.600000,0.100000,-0.100000,1.252947
619,0.975546,1.583955,-6.992008,1.255726,0.217707,-1.658832,0.360000,0.820000,0.580000,0.100000,-0.100000,1.255726
620,0.986495,1.577434,-7.008597,1.258373,0.226796,-1.640928,0.400000,0.820000,0.580000,0.100000,-0.100000,1.258373
621,0.997416,1.570782,-7.025006,1.260896,0.235483,-1.623970,0.340000,0.820000,0.620000,0.100000,-0.100000,1.260896
622,1.008302,1.564000,-7.041246,1.263304,0.243794,-1.607911,0.340000,0.820000,0.620000,0.000000,-0.100000,1.263304
623,1.019152,1.557085,-7.057325,1.258605,0.251754,-1.592709,0.320000,0.820000,0.600000,0.100000,-0.100000,1.258605
624,1.029912,1.550086,-7.073252,1.260805,0.259243,-1.578084,0.320000,0.820000,0.600000,0.100000,-0.100000,1.260805
625,1.040627,1.542953,-7.089033,1.262915,0.266425,-1.564250,0.300000,0.820000,0.600000,0.100000,-0.100000,1.262915
626,1.051294,1.535688,-7.104675,1.264939,0.273320,-1.551165,0.300000,0.840000,0.640000,0.000000,-0.100000,1.264939
627,1.061911,1.528288,-7.120187,1.259882,0.279945,-1.538789,0.340000,0.840000,0.640000,0.100000,-0.100000,1.259882
628,1.072428,1.520806,-7.135575,1.261749,0.286178,-1.526910,0.280000,0.840000,0.620000,0.100000,-0.100000,1.261749
629,1.082887,1.513191,-7.150844,1.263547,0.292174,-1.515678,0.320000,0.840000,0.620000,0.000000,-0.100000,1.263547
630,1.093286,1.505441,-7.166001,1.258280,0.297947,-1.505059,0.320000,0.840000,0.620000,0.100000,-0.100000,1.258280
631,1.103578,1.497613,-7.181051,1.259950,0.303376,-1.494881,0.300000,0.840000,0.620000,0.100000,-0.100000,1.259950
632,1.113803,1.489651,-7.196000,1.261564,0.308608,-1.485260,0.300000,0.840000,0.620000,0.100000,-0.100000,1.261564
633,1.123959,1.481556,-7.210853,1.263123,0.313656,-1.476167,0.280000,0.840000,0.600000,0.100000,-0.100000,1.263123
634,1.134044,1.473329,-7.225614,1.264631,0.318531,-1.467574,0.280000,0.840000,0.600000,0.000000,-0.100000,1.264631
635,1.144055,1.464971,-7.240290,1.259089,0.323241,-1.459456,0.280000,0.920000,0.600000,0.100000,0.000000,1.259089
636,1.153949,1.456539,-7.254885,1.261236,0.329196,-1.386208,0.260000,0.920000,0.600000,0.100000,0.000000,1.261236
637,1.163779,1.447980,-7.268747,1.263537,0.334129,-1.316596,0.260000,0.940000,0.600000,0.000000,0.000000,1.263537
638,1.173544,1.439293,-7.281913,1.259001,0.338111,-1.250144,0.240000,0.940000,0.580000,0.100000,0.000000,1.259001
639,1.183203,1.430538,-7.294414,1.261639,0.341080,-1.186705,0.240000,0.940000,0.580000,0.100000,0.000000,1.261639
640,1.192791,1.421656,-7.306281,1.264456,0.343225,-1.125630,1.000000,0.940000,0.580000,0.000000,-0.800000,1.264456
641,1.202305,1.412648,-7.317537,1.253311,0.343856,-1.098161,1.000000,0.940000,0.580000,0.100000,-0.800000,1.253311
642,1.211666,1.403633,-7.328519,1.249254,0.343995,-1.069701,1.000000,0.940000,0.580000,0.100000,-0.800000,1.249254
643,1.220908,1.394551,-7.339216,1.245295,0.343731,-1.041115,1.000000,0.960000,0.560000,0.100000,-0.800000,1.245295
644,1.230031,1.385405,-7.349627,1.241437,0.343068,-1.012546,1.000000,0.960000,0.560000,0.100000,-0.800000,1.241437
645,1.239034,1.376194,-7.359753,1.237685,0.342012,-0.984134,1.000000,0.960000,0.560000,0.100000,-0.800000,1.237685
646,1.247916,1.366920,-7.369594,1.234041,0.340573,-0.956017,1.000000,0.960000,0.560000,0.100000,-0.800000,1.234041
647,1.256676,1.357586,-7.379154,1.230507,0.338760,-0.928333,1.000000,0.960000,0.540000,0.100000,-0.800000,1.230507
648,1.265315,1.348191,-7.388437,1.227086,0.336585,-0.901220,1.000000,0.960000,0.540000,0.100000,-0.800000,1.227086
649,1.273831,1.338737,-7.397450,1.223777,0.334059,-0.874816,1.000000,0.960000,0.540000,0.100000,-0.800000,1.223777
650,1.282224,1.329225,-7.406198,1.220579,0.331199,-0.849255,1.000000,0.960000,0.540000,0.100000,-0.800000,1.220579
651,1.290494,1.319656,-7.414690,1.217493,0.328019,-0.824674,1.000000,0.960000,0.520000,0.100000,-0.800000,1.217493
652,1.298641,1.310032,-7.422937,1.214515,0.324537,-0.801208,1.000000,0.960000,0.520000,0.100000,-0.800000,1.214515
653,1.306664,1.300354,-7.430949,1.211643,0.320772,-0.778989,1.000000,1.000000,0.520000,0.100000,-0.900000,1.211643
654,1.314563,1.290623,-7.438739,1.208190,0.317472,-0.727046,1.000000,1.000000,0.520000,0.100000,-0.900000,1.208190
655,1.322342,1.280848,-7.446010,1.204929,0.313549,-0.676677,1.000000,1.000000,0.500000,0.100000,-0.900000,1.204929
656,1.330001,1.271032,-7.452776,1.201855,0.309035,-0.628175,1.000000,1.000000,0.500000,0.100000,-0.900000,1.201855
657,1.337539,1.261175,-7.459058,1.198963,0.303962,-0.581839,1.000000,1.000000,0.500000,0.100000,-0.900000,1.198963
658,1.344958,1.251277,-7.464876,1.196244,0.298367,-0.537976,1.000000,1.000000,0.500000,0.100000,-0.900000,1.196244
659,1.352257,1.241341,-7.470256,1.193690,0.292289,-0.496893,1.000000,1.000000,0.480000,0.100000,-0.900000,1.193690
660,1.359436,1.231366,-7.475225,1.191290,0.285772,-0.458903,1.000000,1.000000,0.480000,0.100000,-0.900000,1.191290
661,1.366496,1.221354,-7.479814,1.189032,0.278862,-0.424317,1.000000,1.000000,0.480000,0.100000,-0.900000,1.189032
662,1.373438,1.211306,-7.484057,1.186904,0.271607,-0.393444,1.000000,1.000000,0.460000,0.100000,-0.900000,1.186904
663,1.380261,1.201222,-7.487992,1.184892,0.264062,-0.366586,1.000000,1.000000,0.460000,0.100000,-0.900000,1.184892
664,1.386967,1.191103,-7.491658,1.182982,0.256280,-0.344031,1.000000,1.000000,0.460000,0.100000,-0.900000,1.182982
665,1.393557,1.180949,-7.495098,1.181160,0.248320,-0.326050,1.000000,1.000000,0.440000,0.100000,-1.000000,1.181160
666,1.400030,1.170762,-7.498358,1.178811,0.241042,-0.278736,1.000000,1.000000,0.440000,0.100000,-1.000000,1.178811
667,1.406394,1.160551,-7.501146,1.176601,0.233305,-0.236610,1.000000,1.000000,0.440000,0.100000,-1.000000,1.176601
668,1.412649,1.150316,-7.503512,1.174512,0.225183,-0.200136,1.000000,1.000000,0.420000,0.100000,-1.000000,1.174512
669,1.418797,1.140058,-7.505513,1.172526,0.216755,-0.169749,1.000000,1.000000,0.420000,0.100000,-1.000000,1.172526
670,1.424838,1.129778,-7.507211,1.170624,0.208100,-0.145847,1.000000,1.000000,0.420000,0.100000,-1.000000,1.170624
671,1.430774,1.119476,-7.508669,1.168788,0.199304,-0.128775,1.000000,1.000000,0.400000,0.100000,-1.000000,1.168788
672,1.436605,1.109152,-7.509957,1.167000,0.190454,-0.118810,1.000000,1.000000,0.400000,0.100000,-1.000000,1.167000
673,1.442334,1.098808,-7.511145,1.165244,0.181636,-0.116148,1.000000,1.000000,0.400000,0.100000,-1.000000,1.165244
674,1.447962,1.088445,-7.512307,1.163505,0.172939,-0.120888,1.000000,1.000000,0.380000,0.100000,-1.000000,1.163505
675,1.453490,1.078062,-7.513515,1.161770,0.164449,-0.133021,1.000000,1.000000,0.380000,0.100000,-1.000000,1.161770
676,1.458919,1.067660,-7.514846,1.160027,0.156249,-0.152425,1.000000,1.000000,0.380000,0.100000,-1.000000,1.160027
677,1.464252,1.057240,-7.516370,1.158267,0.148418,-0.178852,1.000000,1.000000,0.380000,0.100000,-1.000000,1.158267
678,1.469489,1.046803,-7.518158,1.156482,0.141029,-0.211939,1.000000,1.000000,0.360000,0.100000,-1.000000,1.156482
679,1.474632,1.036349,-7.520278,1.154665,0.134149,-0.251202,1.000000,1.000000,0.360000,0.100000,-1.000000,1.154665
680,1.479681,1.025879,-7.522790,1.152811,0.127835,-0.296054,1.000000,1.000000,0.360000,0.100000,-1.000000,1.152811
681,1.484639,1.015393,-7.525750,1.150919,0.122136,-0.345814,1.000000,1.000000,0.340000,0.100000,-1.000000,1.150919
682,1.489505,1.004892,-7.529208,1.148984,0.117092,-0.399726,1.000000,1.000000,0.340000,0.100000,-1.000000,1.148984
683,1.494281,0.994376,-7.533206,1.147006,0.112731,-0.456975,1.000000,1.000000,0.340000,0.100000,-1.000000,1.147006
684,1.498967,0.983847,-7.537776,1.144983,0.109071,-0.516713,1.000000,1.000000,0.340000,0.100000,-1.000000,1.144983
685,1.503564,0.973304,-7.542943,1.142912,0.106121,-0.578074,1.000000,1.000000,0.340000,0.100000,-1.000000,1.142912
686,1.508073,0.962748,-7.548723,1.140794,0.103878,-0.640197,1.000000,1.000000,0.320000,0.100000,-1.000000,1.140794
687,1.512492,0.952179,-7.555125,1.138625,0.102332,-0.702248,1.000000,1.000000,0.320000,0.100000,-1.000000,1.138625
688,1.516822,0.941599,-7.562148,1.136404,0.101462,-0.763428,0.960000,1.000000,0.320000,0.100000,-1.000000,1.136404
689,1.521064,0.931007,-7.569782,1.134128,0.101239,-0.822998,0.960000,1.000000,0.320000,0.100000,-1.000000,1.134128
690,1.525215,0.920405,-7.578012,1.131795,0.101628,-0.880284,0.940000,1.000000,0.380000,0.100000,-1.000000,1.131795
691,1.529277,0.909792,-7.586815,1.129400,0.102587,-0.934687,0.940000,1.000000,0.380000,0.100000,-1.000000,1.129400
692,1.533248,0.899170,-7.596162,1.126942,0.104070,-0.985690,0.940000,1.000000,0.380000,0.100000,-1.000000,1.126942
693,1.537128,0.888538,-7.606019,1.124418,0.106026,-1.032863,0.920000,1.000000,0.380000,0.100000,-1.000000,1.124418
694,1.540915,0.877898,-7.616347,1.121825,0.108401,-1.075861,0.920000,1.000000,0.380000,0.100000,-1.000000,1.121825
695,1.544610,0.867250,-7.627106,1.119160,0.111140,-1.114423,0.920000,1.000000,0.380000,0.100000,-1.000000,1.119160
696,1.548210,0.856595,-7.638250,1.116423,0.114187,-1.148370,0.900000,1.000000,0.380000,0.100000,-1.000000,1.116423
697,1.551715,0.845934,-7.649734,1.113614,0.117485,-1.177598,0.860000,1.000000,0.380000,0.100000,-0.300000,1.113614
698,1.555124,0.835268,-7.661510,1.116764,0.118735,-1.297972,0.800000,1.000000,0.400000,0.100000,0.000000,1.116764
699,1.558426,0.824534,-7.674490,1.122116,0.126694,-1.181488,0.760000,1.000000,0.400000,0.100000,0.100000,1.122116
700,1.561676,0.813719,-7.686304,1.127457,0.136102,-0.943923,0.720000,1.000000,0.400000,0.100000,0.100000,1.127457
701,1.564899,0.802830,-7.695744,1.133052,0.142450,-0.724000,0.700000,1.000000,0.400000,0.100000,0.100000,1.133052
702,1.568092,0.791865,-7.702984,1.138932,0.146064,-0.519806,0.700000,1.000000,0.400000,0.100000,0.100000,1.138932
703,1.571249,0.780825,-7.708182,1.145107,0.147237,-0.329668,0.680000,1.000000,0.400000,0.100000,0.100000,1.145107
704,1.574369,0.769710,-7.711478,1.151570,0.146227,-0.152215,0.700000,1.000000,0.400000,0.100000,0.100000,1.151570
705,1.577452,0.758518,-7.713001,1.158304,0.143269,0.013615,0.700000,1.000000,0.380000,0.100000,0.100000,1.158304
706,1.580498,0.747252,-7.712864,1.165281,0.138572,0.168605,0.700000,1.000000,0.380000,0.100000,0.100000,1.165281
707,1.583509,0.735909,-7.711178,1.172469,0.132332,0.313289,0.720000,1.000000,0.380000,0.100000,0.100000,1.172469
708,1.586488,0.724492,-7.708045,1.179828,0.124731,0.448005,0.740000,1.000000,0.360000,0.100000,0.100000,1.179828
709,1.589437,0.713001,-7.703565,1.187318,0.115939,0.572946,0.780000,1.000000,0.360000,0.100000,0.000000,1.187318
710,1.592363,0.701436,-7.697836,1.194862,0.103168,0.561962,0.780000,1.000000,0.360000,0.100000,0.000000,1.194862
711,1.595240,0.689793,-7.692216,1.202320,0.091131,0.548434,0.780000,1.000000,0.340000,0.100000,0.000000,1.202320
712,1.598076,0.678073,-7.686732,1.209696,0.079836,0.532636,0.760000,1.000000,0.340000,0.100000,0.100000,1.209696
713,1.600877,0.666278,-7.681406,1.216930,0.072322,0.645007,0.760000,1.000000,0.320000,0.100000,0.100000,1.216930
714,1.603679,0.654414,-7.674956,1.224192,0.063835,0.747399,0.740000,1.000000,0.320000,0.100000,0.100000,1.224192
715,1.606487,0.642481,-7.667482,1.231448,0.054529,0.840152,0.780000,1.000000,0.320000,0.100000,0.000000,1.231448
716,1.609307,0.630481,-7.659080,1.238776,0.041486,0.792701,0.840000,1.000000,0.300000,0.100000,-0.300000,1.238776
717,1.612113,0.618408,-7.651153,1.243682,0.023833,0.496403,0.840000,1.000000,0.300000,0.100000,-0.300000,1.243682
718,1.614851,0.606275,-7.646189,1.248448,0.010275,0.199335,0.820000,1.000000,0.300000,0.100000,-0.300000,1.248448
719,1.617528,0.594080,-7.644196,1.253180,0.000718,-0.093739,0.820000,1.000000,0.280000,0.100000,-0.300000,1.253180
720,1.620144,0.581824,-7.645133,1.257947,-0.004996,-0.378812,0.800000,1.000000,0.280000,0.100000,0.000000,1.257947
721,1.622704,0.569508,-7.648921,1.264830,-0.000041,-0.352025,0.800000,1.000000,0.280000,0.000000,0.000000,1.264830
722,1.625279,0.557124,-7.652441,1.264694,0.004350,-0.326031,0.780000,1.000000,0.280000,0.000000,0.000000,1.264694
723,1.627853,0.544742,-7.655702,1.264543,0.008190,-0.300787,0.780000,1.000000,0.280000,0.000000,0.000000,1.264543
724,1.630424,0.532361,-7.658710,1.264382,0.011517,-0.276388,0.760000,1.000000,0.280000,0.000000,0.100000,1.264382
725,1.632990,0.519979,-7.661473,1.263923,0.017352,-0.125269,0.760000,1.000000,0.260000,0.000000,0.100000,1.263923
726,1.635579,0.507607,-7.662726,1.263497,0.021026,0.017281,0.740000,1.000000,0.260000,0.000000,0.100000,1.263497
727,1.638187,0.495242,-7.662553,1.263114,0.022751,0.150978,0.740000,1.000000,0.260000,0.100000,0.100000,1.263114
728,1.640814,0.482885,-7.661044,1.269774,0.022732,0.275707,0.740000,1.000000,0.260000,0.000000,0.100000,1.269774
729,1.643472,0.470467,-7.658287,1.269469,0.021154,0.391546,0.760000,1.000000,0.320000,0.000000,0.100000,1.269469
730,1.646148,0.458055,-7.654371,1.269189,0.018211,0.498567,0.800000,1.000000,0.240000,0.000000,0.000000,1.269189
731,1.648843,0.445652,-7.649385,1.269142,0.011040,0.466812,0.820000,1.000000,0.320000,0.000000,-0.300000,1.269142
732,1.651529,0.433247,-7.644717,1.266876,-0.001814,0.159696,0.800000,1.000000,0.300000,0.000000,0.000000,1.266876
733,1.654143,0.420851,-7.643120,1.266737,-0.003715,0.147429,0.800000,1.000000,0.300000,0.000000,0.000000,1.266737
734,1.656758,0.408457,-7.641646,1.266594,-0.005364,0.135558,0.780000,1.000000,0.300000,0.000000,0.000000,1.266594
735,1.659375,0.396064,-7.640290,1.266450,-0.006780,0.124121,0.780000,1.000000,0.300000,0.000000,0.000000,1.266450
736,1.661995,0.383673,-7.639049,1.266305,-0.007980,0.113149,0.760000,1.000000,0.300000,0.000000,0.100000,1.266305
737,1.664618,0.371284,-7.637918,1.265850,-0.006019,0.229362,0.760000,1.000000,0.280000,0.000000,0.100000,1.265850
738,1.667273,0.358907,-7.635624,1.265402,-0.005594,0.338149,0.740000,1.000000,0.280000,0.000000,0.100000,1.265402
739,1.669959,0.346542,-7.632243,1.264957,-0.006537,0.439418,0.760000,1.000000,0.280000,0.000000,0.100000,1.264957
740,1.672677,0.334187,-7.627848,1.264507,-0.008688,0.533182,0.820000,1.000000,0.280000,0.000000,-0.300000,1.264507
741,1.675428,0.321845,-7.622517,1.262198,-0.021594,0.204662,0.860000,1.000000,0.260000,0.100000,-0.300000,1.262198
742,1.678113,0.309510,-7.620470,1.266964,-0.030050,-0.116549,0.900000,1.000000,0.260000,0.000000,-1.000000,1.266964
743,1.680753,0.297114,-7.621636,1.258510,-0.033230,-0.380291,0.900000,1.000000,0.260000,0.100000,-1.000000,1.258510
744,1.683327,0.284791,-7.625438,1.257153,-0.033243,-0.636880,0.900000,1.000000,0.260000,0.100000,-1.000000,1.257153
745,1.685851,0.272471,-7.631807,1.255885,-0.030262,-0.882247,0.860000,1.000000,0.320000,0.100000,-0.300000,1.255885
746,1.688324,0.260154,-7.640630,1.261110,-0.025315,-1.147434,0.820000,1.000000,0.320000,0.100000,-0.300000,1.261110
747,1.690746,0.247775,-7.652104,1.266367,-0.017318,-1.393176,0.780000,1.000000,0.320000,0.000000,0.000000,1.266367
748,1.693116,0.235334,-7.666036,1.266472,0.000954,-1.295635,0.720000,1.000000,0.340000,0.000000,0.100000,1.266472
749,1.695492,0.222894,-7.678992,1.265947,0.019939,-1.078324,0.680000,1.000000,0.340000,0.000000,0.100000,1.265947
750,1.697892,0.210463,-7.689775,1.265272,0.035329,-0.868504,0.660000,1.000000,0.420000,0.000000,0.100000,1.265272
751,1.700309,0.198038,-7.698460,1.264552,0.047369,-0.668042,0.640000,1.000000,0.420000,0.000000,0.100000,1.264552
752,1.702735,0.185619,-7.705141,1.263863,0.056327,-0.477994,0.620000,1.000000,0.420000,0.000000,0.100000,1.263863
753,1.705167,0.173203,-7.709921,1.263255,0.062476,-0.298843,0.620000,1.000000,0.420000,0.000000,0.100000,1.263255
754,1.707599,0.160791,-7.712909,1.262757,0.066086,-0.130715,0.620000,1.000000,0.500000,0.100000,0.100000,1.262757
755,1.710028,0.148382,-7.714216,1.269379,0.067420,0.026472,0.620000,1.000000,0.500000,0.000000,0.100000,1.269379
756,1.712464,0.135906,-7.713952,1.269117,0.066742,0.172830,0.640000,1.000000,0.500000,0.000000,0.100000,1.269117
757,1.714897,0.123432,-7.712223,1.268961,0.064263,0.308723,0.660000,1.000000,0.500000,0.000000,0.100000,1.268961
758,1.717326,0.110961,-7.709136,1.268891,0.060204,0.434382,0.680000,1.000000,0.480000,0.000000,0.100000,1.268891
759,1.719753,0.098491,-7.704792,1.268884,0.054775,0.550040,0.700000,1.000000,0.480000,0.000000,0.100000,1.268884
760,1.722181,0.086025,-7.699292,1.268912,0.048171,0.655935,0.720000,1.000000,0.480000,0.000000,0.100000,1.268912
761,1.724612,0.073562,-7.692733,1.268945,0.040576,0.752325,0.760000,1.000000,0.460000,0.000000,0.100000,1.268945
762,1.727049,0.061102,-7.685209,1.268957,0.032160,0.839498,0.800000,1.000000,0.460000,0.000000,0.000000,1.268957
763,1.729498,0.048647,-7.676814,1.269090,0.020016,0.786741,1.000000,1.000000,0.440000,0.000000,-0.900000,1.269090
764,1.731932,0.036190,-7.668947,1.261355,0.004038,0.515730,1.000000,0.980000,0.440000,0.100000,-0.900000,1.261355
765,1.734292,0.023799,-7.663790,1.260496,-0.008260,0.235761,1.000000,0.960000,0.420000,0.100000,-0.900000,1.260496
766,1.736594,0.011406,-7.661432,1.259607,-0.016934,-0.047902,1.000000,0.960000,0.420000,0.100000,-0.900000,1.259607
767,1.738838,-0.000990,-7.661911,1.258755,-0.022043,-0.330362,1.000000,0.940000,0.500000,0.100000,-0.900000,1.258755
768,1.741024,-0.013388,-7.665215,1.257976,-0.023705,-0.607015,1.000000,0.940000,0.500000,0.100000,-0.900000,1.257976
769,1.743152,-0.025789,-7.671285,1.257274,-0.022088,-0.873596,1.000000,0.920000,0.500000,0.100000,-0.800000,1.257274
770,1.745219,-0.038193,-7.680021,1.257364,-0.018055,-1.154070,1.000000,0.960000,0.500000,0.100000,-0.900000,1.257364
771,1.747218,-0.050608,-7.691561,1.256733,-0.010203,-1.389071,1.000000,1.000000,0.500000,0.100000,-1.000000,1.256733
772,1.749149,-0.063026,-7.705452,1.255394,0.000930,-1.571272,1.000000,1.000000,0.520000,0.100000,-0.900000,1.255394
773,1.751016,-0.075441,-7.721165,1.254536,0.013117,-1.763728,1.000000,1.000000,0.520000,0.100000,-0.900000,1.254536
774,1.752808,-0.087858,-7.738802,1.253458,0.027220,-1.932912,1.000000,1.000000,0.540000,0.100000,-0.900000,1.253458
775,1.754519,-0.100278,-7.758131,1.252079,0.042927,-2.078263,0.660000,1.000000,0.560000,0.100000,0.100000,1.252079
776,1.756144,-0.112700,-7.778914,1.257717,0.069414,-1.794373,0.620000,1.000000,0.580000,0.100000,0.100000,1.257717
777,1.757780,-0.125190,-7.796858,1.263076,0.091308,-1.524933,0.580000,1.000000,0.600000,0.100000,0.100000,1.263076
778,1.759412,-0.137748,-7.812107,1.268356,0.108949,-1.271569,0.560000,1.000000,0.620000,0.000000,0.100000,1.268356
779,1.761032,-0.150375,-7.824823,1.266701,0.122694,-1.034425,0.540000,1.000000,0.640000,0.000000,0.100000,1.266701
780,1.762627,-0.163001,-7.835167,1.265211,0.132796,-0.812493,0.540000,1.000000,0.640000,0.000000,0.100000,1.265211
781,1.764193,-0.175626,-7.843292,1.263953,0.139614,-0.604882,0.520000,1.000000,0.660000,0.000000,0.100000,1.263953
782,1.765724,-0.188250,-7.849341,1.262960,0.143482,-0.410551,0.520000,1.000000,0.660000,0.100000,0.100000,1.262960
783,1.767218,-0.200872,-7.853446,1.269247,0.144706,-0.228488,0.520000,1.000000,0.640000,0.000000,0.100000,1.269247
784,1.768672,-0.213564,-7.855731,1.268805,0.143615,-0.057856,0.520000,1.000000,0.640000,0.000000,0.100000,1.268805
785,1.770086,-0.226255,-7.856310,1.268619,0.140401,0.102130,0.520000,1.000000,0.620000,0.000000,0.100000,1.268619
786,1.771460,-0.238944,-7.855288,1.268664,0.135300,0.251981,0.520000,1.000000,0.620000,0.000000,0.100000,1.268664
787,1.772797,-0.251633,-7.852768,1.268905,0.128534,0.392034,0.540000,1.000000,0.600000,0.000000,0.100000,1.268905
788,1.774097,-0.264320,-7.848848,1.269302,0.120310,0.522481,0.540000,1.000000,0.600000,0.000000,0.100000,1.269302
789,1.775366,-0.277007,-7.843623,1.269812,0.110827,0.643403,0.560000,1.000000,0.580000,0.000000,0.100000,1.269812
790,1.776605,-0.289693,-7.837189,1.270393,0.100274,0.754813,0.680000,1.000000,0.580000,0.000000,0.100000,1.270393
791,1.777821,-0.302378,-7.829641,1.270999,0.088831,0.856703,1.000000,0.960000,0.560000,0.000000,-0.700000,1.270999
792,1.779019,-0.315063,-7.821074,1.265339,0.068878,0.615814,1.000000,0.960000,0.560000,0.000000,-0.700000,1.265339
793,1.780123,-0.327686,-7.814916,1.259364,0.052350,0.361071,1.000000,0.940000,0.540000,0.100000,-0.800000,1.259364
794,1.781138,-0.340250,-7.811305,1.259369,0.039865,0.121377,1.000000,0.940000,0.540000,0.100000,-0.800000,1.259369
795,1.782074,-0.352815,-7.810091,1.259245,0.030533,-0.123747,1.000000,0.920000,0.520000,0.100000,-0.800000,1.259245
796,1.782931,-0.365382,-7.811329,1.259046,0.024332,-0.370030,1.000000,0.920000,0.520000,0.100000,-0.800000,1.259046
797,1.783711,-0.377951,-7.815029,1.258804,0.021188,-0.613409,1.000000,0.900000,0.500000,0.100000,-0.800000,1.258804
798,1.784413,-0.390521,-7.821163,1.258529,0.020984,-0.850130,1.000000,0.900000,0.500000,0.100000,-0.800000,1.258529
799,1.785036,-0.403093,-7.829665,1.258212,0.023561,-1.076818,1.000000,0.880000,0.480000,0.100000,-0.900000,1.258212
800,1.785577,-0.415665,-7.840433,1.257093,0.029392,-1.262135,1.000000,0.880000,0.500000,0.100000,-0.900000,1.257093
801,1.786042,-0.428231,-7.853054,1.255857,0.037232,-1.432439,1.000000,0.900000,0.500000,0.100000,-0.900000,1.255857
802,1.786426,-0.440789,-7.867379,1.254456,0.046854,-1.586247,1.000000,0.900000,0.520000,0.100000,-0.800000,1.254456
803,1.786726,-0.453339,-7.883241,1.253572,0.057355,-1.751140,1.000000,0.880000,0.560000,0.100000,-0.800000,1.253572
804,1.786933,-0.465886,-7.900752,1.252422,0.069529,-1.897934,1.000000,0.920000,0.580000,0.100000,-0.800000,1.252422
805,1.787042,-0.478429,-7.919732,1.250951,0.083133,-2.026325,1.000000,0.900000,0.560000,0.100000,-0.800000,1.250951
806,1.787049,-0.490966,-7.939995,1.249109,0.097927,-2.136481,1.000000,0.980000,0.560000,0.100000,-0.900000,1.249109
807,1.786952,-0.503495,-7.961360,1.246131,0.114361,-2.199962,0.620000,0.980000,0.560000,0.100000,0.100000,1.246131
808,1.786753,-0.516007,-7.983359,1.250301,0.139135,-1.905856,0.500000,0.960000,0.600000,0.100000,0.000000,1.250301
809,1.786520,-0.528585,-8.002418,1.254516,0.156221,-1.764513,0.500000,0.960000,0.640000,0.100000,0.000000,1.254516
810,1.786210,-0.541224,-8.020063,1.258625,0.170942,-1.634547,0.480000,1.000000,0.620000,0.100000,0.100000,1.258625
811,1.785815,-0.553919,-8.036409,1.262689,0.186542,-1.386437,0.460000,0.980000,0.620000,0.100000,0.100000,1.262689
812,1.785358,-0.566675,-8.050273,1.267014,0.198436,-1.156657,0.460000,1.000000,0.620000,0.000000,0.100000,1.267014
813,1.784834,-0.579489,-8.061840,1.264673,0.206997,-0.942846,0.440000,1.000000,0.660000,0.000000,0.100000,1.264673
814,1.784249,-0.592291,-8.071268,1.262711,0.212444,-0.742914,0.440000,1.000000,0.660000,0.100000,0.100000,1.262711
815,1.783602,-0.605079,-8.078697,1.268150,0.215089,-0.555042,0.420000,1.000000,0.660000,0.000000,0.100000,1.268150
816,1.782873,-0.617921,-8.084248,1.266990,0.215290,-0.377522,0.420000,0.980000,0.640000,0.000000,0.100000,1.266990
817,1.782077,-0.630748,-8.088023,1.266223,0.213189,-0.209300,0.420000,0.980000,0.620000,0.000000,0.100000,1.266223
818,1.781214,-0.643559,-8.090116,1.265829,0.209003,-0.049431,0.420000,0.960000,0.620000,0.000000,0.000000,1.265829
819,1.780285,-0.656355,-8.090610,1.265589,0.200233,-0.012473,0.420000,0.960000,0.600000,0.000000,0.000000,1.265589
820,1.779264,-0.669128,-8.090735,1.265428,0.191298,0.022526,0.480000,0.940000,0.600000,0.000000,0.000000,1.265428
821,1.778156,-0.681878,-8.090510,1.265334,0.182239,0.055438,0.480000,0.940000,0.580000,0.000000,0.000000,1.265334
822,1.776963,-0.694606,-8.089955,1.265298,0.173098,0.086139,0.480000,0.920000,0.580000,0.000000,0.000000,1.265298
823,1.775688,-0.707313,-8.089094,1.265311,0.163917,0.114512,0.560000,0.900000,0.560000,0.000000,0.000000,1.265311
824,1.774334,-0.720000,-8.087949,1.265362,0.154737,0.140457,1.000000,0.900000,0.560000,0.000000,-0.700000,1.265362
825,1.772906,-0.732667,-8.086544,1.259130,0.141767,-0.000055,1.000000,0.880000,0.540000,0.100000,-0.800000,1.259130
826,1.771383,-0.745246,-8.086545,1.258905,0.131341,-0.122230,1.000000,0.880000,0.560000,0.100000,-0.700000,1.258905
827,1.769760,-0.757799,-8.087767,1.259316,0.122003,-0.276031,1.000000,0.860000,0.560000,0.100000,-0.700000,1.259316
828,1.768029,-0.770332,-8.090527,1.259560,0.114706,-0.433884,1.000000,0.860000,0.600000,0.100000,-0.700000,1.259560
829,1.766193,-0.782846,-8.094866,1.259652,0.109455,-0.593546,1.000000,0.840000,0.580000,0.100000,-0.700000,1.259652
830,1.764251,-0.795340,-8.100802,1.259599,0.106224,-0.752823,1.000000,0.840000,0.580000,0.100000,-0.700000,1.259599
831,1.762203,-0.807814,-8.108330,1.259403,0.104962,-0.909631,1.000000,0.840000,0.560000,0.100000,-0.700000,1.259403
832,1.760050,-0.820267,-8.117426,1.259056,0.105593,-1.062061,1.000000,0.820000,0.560000,0.100000,-0.800000,1.259056
833,1.757791,-0.832698,-8.128047,1.257743,0.108595,-1.183968,1.000000,0.820000,0.540000,0.100000,-0.800000,1.257743
834,1.755432,-0.845100,-8.139886,1.256266,0.112966,-1.298578,1.000000,0.800000,0.580000,0.100000,-0.700000,1.256266
835,1.752973,-0.857471,-8.152872,1.255410,0.118018,-1.429443,1.000000,0.800000,0.560000,0.100000,-0.700000,1.255410
836,1.750404,-0.869816,-8.167167,1.254333,0.124513,-1.551276,1.000000,0.840000,0.560000,0.100000,-0.800000,1.254333
837,1.747725,-0.882133,-8.182679,1.252208,0.132890,-1.638849,1.000000,0.820000,0.540000,0.100000,-0.800000,1.252208
838,1.744940,-0.894414,-8.199068,1.249834,0.142117,-1.716328,1.000000,0.820000,0.580000,0.100000,-0.800000,1.249834
839,1.742049,-0.906656,-8.216231,1.247196,0.152060,-1.783726,1.000000,0.820000,0.560000,0.100000,-0.800000,1.247196
840,1.739052,-0.918857,-8.234068,1.244280,0.162586,-1.841214,1.000000,0.820000,0.560000,0.100000,-0.800000,1.244280
841,1.735945,-0.931015,-8.252481,1.241079,0.173569,-1.889094,0.400000,0.800000,0.540000,0.100000,-0.200000,1.241079
842,1.732729,-0.943127,-8.271371,1.243266,0.184847,-1.929582,1.000000,0.800000,0.620000,0.100000,-0.700000,1.243266
843,1.729379,-0.955242,-8.290667,1.240272,0.195946,-1.985580,0.380000,0.800000,0.600000,0.100000,-0.200000,1.240272
844,1.725909,-0.967309,-8.310523,1.241806,0.207853,-2.018113,0.380000,0.840000,0.600000,0.100000,-0.100000,1.241806
845,1.722300,-0.979372,-8.330704,1.243899,0.221382,-1.985751,0.360000,0.840000,0.600000,0.100000,-0.100000,1.243899
846,1.718559,-0.991440,-8.350562,1.245770,0.234204,-1.955671,0.360000,0.840000,0.580000,0.100000,-0.100000,1.245770
847,1.714683,-1.003509,-8.370118,1.247437,0.246377,-1.927704,0.340000,0.840000,0.620000,0.100000,-0.100000,1.247437
848,1.710670,-1.015574,-8.389395,1.248917,0.257952,-1.901694,0.340000,0.840000,0.600000,0.100000,-0.100000,1.248917
849,1.706516,-1.027631,-8.408412,1.250225,0.268977,-1.877494,0.320000,0.840000,0.600000,0.100000,-0.100000,1.250225
850,1.702221,-1.039677,-8.427187,1.251374,0.279492,-1.854974,0.320000,0.820000,0.640000,0.100000,-0.100000,1.251374
851,1.697783,-1.051706,-8.445737,1.252376,0.289536,-1.834012,0.300000,0.820000,0.620000,0.100000,-0.100000,1.252376
852,1.693200,-1.063716,-8.464077,1.253240,0.299143,-1.814499,0.300000,0.820000,0.620000,0.100000,-0.100000,1.253240
853,1.688471,-1.075701,-8.482222,1.253975,0.308344,-1.796334,0.280000,0.820000,0.620000,0.100000,-0.100000,1.253975
854,1.683596,-1.087659,-8.500186,1.254588,0.317166,-1.779425,0.280000,0.820000,0.600000,0.100000,-0.100000,1.254588
855,1.678574,-1.099585,-8.517980,1.255088,0.325637,-1.763692,0.280000,0.880000,0.640000,0.100000,0.000000,1.255088
856,1.673403,-1.111476,-8.535617,1.256210,0.335338,-1.682360,0.260000,0.880000,0.640000,0.100000,0.000000,1.256210
857,1.668092,-1.123344,-8.552440,1.257434,0.343822,-1.606217,0.260000,0.880000,0.620000,0.100000,0.000000,1.257434
858,1.662640,-1.135184,-8.568502,1.258776,0.351189,-1.534560,0.260000,0.880000,0.620000,0.100000,0.000000,1.258776
859,1.657045,-1.146995,-8.583848,1.260252,0.357523,-1.466794,0.240000,0.880000,0.620000,0.100000,0.000000,1.260252
860,1.651306,-1.158771,-8.598516,1.261872,0.362900,-1.402407,0.240000,0.880000,0.600000,0.100000,0.000000,1.261872
861,1.645424,-1.170510,-8.612540,1.263647,0.367385,-1.340961,0.220000,0.860000,0.600000,0.000000,-0.100000,1.263647
862,1.639398,-1.182209,-8.625950,1.257807,0.369725,-1.338074,0.260000,0.860000,0.600000,0.100000,-0.100000,1.257807
863,1.633274,-1.193800,-8.639330,1.258945,0.371896,-1.335339,0.260000,0.860000,0.580000,0.100000,-0.100000,1.258945
864,1.627002,-1.205332,-8.652684,1.260062,0.374023,-1.332777,0.260000,0.860000,0.580000,0.100000,-0.100000,1.260062
865,1.620583,-1.216803,-8.666012,1.261159,0.376109,-1.330382,0.240000,0.860000,0.620000,0.100000,-0.100000,1.261159
866,1.614019,-1.228209,-8.679315,1.262235,0.378155,-1.328147,0.240000,0.860000,0.620000,0.100000,-0.100000,1.262235
867,1.607310,-1.239550,-8.692597,1.263291,0.380165,-1.326066,0.320000,0.860000,0.600000,0.000000,-0.100000,1.263291
868,1.600456,-1.250822,-8.705858,1.257327,0.382140,-1.324135,0.320000,0.860000,0.600000,0.100000,-0.100000,1.257327
869,1.593511,-1.261978,-8.719099,1.258342,0.383964,-1.322332,0.300000,0.860000,0.600000,0.100000,-0.100000,1.258342
870,1.586423,-1.273062,-8.732322,1.259338,0.385759,-1.320664,0.300000,0.860000,0.600000,0.100000,-0.100000,1.259338
871,1.579193,-1.284071,-8.745529,1.260316,0.387528,-1.319126,0.280000,0.860000,0.580000,0.100000,-0.100000,1.260316
872,1.571821,-1.295003,-8.758720,1.261276,0.389271,-1.317714,1.000000,0.860000,0.580000,0.100000,-0.800000,1.261276
873,1.564310,-1.305857,-8.771897,1.255857,0.391960,-1.274999,1.000000,0.860000,0.580000,0.100000,-0.800000,1.255857
874,1.556715,-1.316600,-8.784647,1.250569,0.394023,-1.231537,1.000000,0.860000,0.560000,0.100000,-0.800000,1.250569
875,1.549039,-1.327230,-8.796963,1.245428,0.395462,-1.187500,1.000000,0.860000,0.560000,0.100000,-0.800000,1.245428
876,1.541282,-1.337746,-8.808838,1.240442,0.396280,-1.143057,1.000000,0.860000,0.560000,0.100000,-0.800000,1.240442
877,1.533447,-1.348147,-8.820268,1.235624,0.396481,-1.098372,1.000000,0.860000,0.560000,0.100000,-0.800000,1.235624
878,1.525534,-1.358431,-8.831252,1.230981,0.396072,-1.053608,1.000000,0.860000,0.540000,0.100000,-0.800000,1.230981
879,1.517544,-1.368600,-8.841788,1.226521,0.395062,-1.008925,1.000000,0.860000,0.540000,0.100000,-0.800000,1.226521
880,1.509480,-1.378650,-8.851877,1.222248,0.393461,-0.964484,1.000000,0.860000,0.540000,0.100000,-0.800000,1.222248
881,1.501342,-1.388582,-8.861522,1.218167,0.391282,-0.920447,1.000000,0.860000,0.520000,0.100000,-0.800000,1.218167
882,1.493131,-1.398394,-8.870727,1.214280,0.388539,-0.876976,1.000000,0.840000,0.520000,0.100000,-0.800000,1.214280
883,1.484849,-1.408087,-8.879496,1.210588,0.385247,-0.834238,1.000000,0.840000,0.520000,0.100000,-0.800000,1.210588
884,1.476497,-1.417660,-8.887839,1.207090,0.381425,-0.792402,1.000000,0.840000,0.500000,0.100000,-0.800000,1.207090
885,1.468076,-1.427112,-8.895763,1.203785,0.377091,-0.751642,1.000000,0.840000,0.500000,0.100000,-0.800000,1.203785
886,1.459587,-1.436443,-8.903279,1.200669,0.372266,-0.712136,1.000000,0.840000,0.500000,0.100000,-0.800000,1.200669
887,1.451031,-1.445652,-8.910400,1.197738,0.366974,-0.674069,1.000000,0.840000,0.480000,0.100000,-0.800000,1.197738
888,1.442409,-1.454739,-8.917141,1.194985,0.361240,-0.637629,1.000000,0.820000,0.540000,0.100000,-0.800000,1.194985
889,1.433722,-1.463705,-8.923517,1.192404,0.355091,-0.603013,1.000000,0.820000,0.520000,0.100000,-0.800000,1.192404
890,1.424971,-1.472549,-8.929548,1.189986,0.348556,-0.570420,1.000000,0.820000,0.520000,0.100000,-0.800000,1.189986
891,1.416157,-1.481271,-8.935252,1.187723,0.341666,-0.540056,1.000000,0.800000,0.520000,0.100000,-0.700000,1.187723
892,1.407281,-1.489871,-8.940652,1.186365,0.333812,-0.539602,1.000000,0.800000,0.500000,0.100000,-0.800000,1.186365
893,1.398335,-1.498348,-8.946048,1.184292,0.326645,-0.514298,1.000000,0.800000,0.500000,0.100000,-0.800000,1.184292
894,1.389328,-1.506702,-8.951191,1.182343,0.319225,-0.491722,1.000000,0.780000,0.500000,0.100000,-0.800000,1.182343
895,1.380262,-1.514936,-8.956109,1.180505,0.311591,-0.472077,1.000000,0.780000,0.480000,0.100000,-0.800000,1.180505
896,1.371137,-1.523048,-8.960829,1.178768,0.303784,-0.455560,1.000000,0.780000,0.480000,0.100000,-0.800000,1.178768
897,1.361955,-1.531040,-8.965385,1.177120,0.295844,-0.442362,1.000000,0.760000,0.480000,0.100000,-0.800000,1.177120
898,1.352716,-1.538911,-8.969809,1.175550,0.287817,-0.432663,1.000000,0.760000,0.460000,0.100000,-0.800000,1.175550
899,1.343421,-1.546662,-8.974135,1.174045,0.279748,-0.426626,1.000000,0.760000,0.460000,0.100000,-0.800000,1.174045
900,1.334071,-1.554294,-8.978401,1.172594,0.271683,-0.424395,1.000000,0.740000,0.460000,0.100000,-0.800000,1.172594
901,1.324667,-1.561806,-8.982645,1.171186,0.263670,-0.426088,1.000000,0.740000,0.440000,0.100000,-0.800000,1.171186
902,1.315209,-1.569201,-8.986906,1.169810,0.255757,-0.431791,1.000000,0.720000,0.440000,0.100000,-0.800000,1.169810
903,1.305699,-1.576477,-8.991224,1.168456,0.247994,-0.441557,1.000000,0.720000,0.440000,0.100000,-0.800000,1.168456
904,1.296138,-1.583636,-8.995640,1.167113,0.240426,-0.455398,1.000000,0.720000,0.420000,0.100000,-0.800000,1.167113
905,1.286525,-1.590679,-9.000194,1.165774,0.233101,-0.473282,1.000000,0.700000,0.420000,0.100000,-0.800000,1.165774
906,1.276863,-1.597605,-9.004927,1.164429,0.226065,-0.495128,1.000000,0.700000,0.420000,0.100000,-0.800000,1.164429
907,1.267151,-1.604416,-9.009878,1.163071,0.219361,-0.520809,1.000000,0.700000,0.400000,0.100000,-0.800000,1.163071
908,1.257392,-1.611112,-9.015086,1.161692,0.213027,-0.550143,1.000000,0.700000,0.400000,0.100000,-0.800000,1.161692
909,1.247585,-1.617693,-9.020587,1.160287,0.207103,-0.582904,1.000000,0.680000,0.400000,0.100000,-0.800000,1.160287
910,1.237731,-1.624160,-9.026416,1.158849,0.201620,-0.618815,1.000000,0.680000,0.400000,0.100000,-0.800000,1.158849
911,1.227832,-1.630514,-9.032605,1.157373,0.196607,-0.657556,1.000000,0.680000,0.380000,0.100000,-0.800000,1.157373
912,1.217889,-1.636754,-9.039180,1.155855,0.192089,-0.698771,1.000000,0.680000,0.380000,0.100000,-0.800000,1.155855
913,1.207901,-1.642881,-9.046168,1.154290,0.188084,-0.742070,1.000000,0.680000,0.380000,0.100000,-0.800000,1.154290
914,1.197871,-1.648895,-9.053588,1.152674,0.184606,-0.787038,1.000000,0.680000,0.380000,0.100000,-0.800000,1.152674
915,1.187799,-1.654797,-9.061459,1.151003,0.181663,-0.833246,1.000000,0.680000,0.380000,0.100000,-0.800000,1.151003
916,1.177686,-1.660585,-9.069791,1.149273,0.179259,-0.880254,1.000000,0.680000,0.360000,0.100000,-0.800000,1.149273
917,1.167533,-1.666261,-9.078594,1.147481,0.177391,-0.927622,1.000000,0.680000,0.360000,0.100000,-0.800000,1.147481
918,1.157340,-1.671823,-9.087870,1.145623,0.176051,-0.974919,1.000000,0.680000,0.360000,0.100000,-0.800000,1.145623
919,1.147110,-1.677271,-9.097619,1.143695,0.175228,-1.021729,1.000000,0.680000,0.360000,0.100000,-0.800000,1.143695
920,1.136843,-1.682606,-9.107837,1.141695,0.174905,-1.067655,1.000000,0.700000,0.360000,0.100000,-0.900000,1.141695
921,1.126540,-1.687826,-9.118513,1.138920,0.175768,-1.082136,1.000000,0.700000,0.360000,0.100000,-0.900000,1.138920
922,1.116211,-1.692936,-9.129334,1.136110,0.176736,-1.095181,1.000000,0.720000,0.360000,0.100000,-0.900000,1.136110
923,1.105856,-1.697935,-9.140286,1.133267,0.177790,-1.106748,1.000000,0.720000,0.360000,0.100000,-0.900000,1.133267
924,1.095478,-1.702822,-9.151354,1.130391,0.178914,-1.116813,1.000000,0.740000,0.340000,0.100000,-0.900000,1.130391
925,1.085077,-1.707597,-9.162522,1.127486,0.180088,-1.125365,1.000000,0.760000,0.340000,0.100000,-0.900000,1.127486
926,1.074655,-1.712259,-9.173776,1.124553,0.181294,-1.132408,1.000000,0.780000,0.340000,0.100000,-1.000000,1.124553
927,1.064212,-1.716809,-9.185100,1.120984,0.183305,-1.104154,1.000000,0.800000,0.340000,0.100000,-1.000000,1.120984
928,1.053758,-1.721250,-9.196141,1.117445,0.184932,-1.074596,1.000000,0.820000,0.340000,0.100000,-1.000000,1.117445
929,1.043293,-1.725584,-9.206887,1.113942,0.186169,-1.044055,1.000000,0.840000,0.340000,0.100000,-1.000000,1.113942
930,1.032820,-1.729810,-9.217328,1.110483,0.187013,-1.012848,1.000000,0.860000,0.340000,0.100000,-1.000000,1.110483
931,1.022338,-1.733927,-9.227456,1.107074,0.187467,-0.981283,1.000000,0.900000,0.340000,0.100000,-1.000000,1.107074
932,1.011850,-1.737936,-9.237269,1.103720,0.187536,-0.949662,1.000000,0.920000,0.340000,0.100000,-1.000000,1.103720
933,1.001356,-1.741836,-9.246766,1.100425,0.187227,-0.918277,1.000000,0.960000,0.340000,0.100000,-1.000000,1.100425
934,0.990857,-1.745627,-9.255948,1.097192,0.186551,-0.887415,1.000000,0.980000,0.340000,0.100000,-1.000000,1.097192
935,0.980354,-1.749310,-9.264823,1.094023,0.185524,-0.857351,1.000000,1.000000,0.340000,0.100000,-1.000000,1.094023
936,0.969849,-1.752884,-9.273396,1.090919,0.184162,-0.828349,1.000000,1.000000,0.340000,0.100000,-1.000000,1.090919
937,0.959342,-1.756349,-9.281680,1.087882,0.182483,-0.800664,1.000000,1.000000,0.340000,0.100000,-1.000000,1.087882
938,0.948835,-1.759707,-9.289686,1.084909,0.180511,-0.774537,1.000000,1.000000,0.340000,0.100000,-1.000000,1.084909
939,0.938328,-1.762957,-9.297432,1.082000,0.178268,-0.750196,1.000000,1.000000,0.340000,0.100000,-1.000000,1.082000
940,0.927822,-1.766099,-9.304934,1.079153,0.175780,-0.727850,1.000000,1.000000,0.340000,0.100000,-1.000000,1.079153
941,0.917318,-1.769135,-9.312212,1.076364,0.173075,-0.707694,1.000000,1.000000,0.340000,0.100000,-1.000000,1.076364
942,0.906817,-1.772064,-9.319289,1.073631,0.170182,-0.689899,1.000000,1.000000,0.340000,0.100000,-1.000000,1.073631
943,0.896319,-1.774886,-9.326188,1.070949,0.167130,-0.674616,1.000000,1.000000,0.340000,0.100000,-1.000000,1.070949
944,0.885827,-1.777604,-9.332934,1.068315,0.163951,-0.661971,1.000000,1.000000,0.340000,0.100000,-1.000000,1.068315
945,0.875339,-1.780216,-9.339554,1.065724,0.160676,-0.652062,1.000000,1.000000,0.340000,0.100000,-1.000000,1.065724
946,0.864857,-1.782724,-9.346074,1.063171,0.157337,-0.644962,1.000000,1.000000,0.340000,0.100000,-1.000000,1.063171
947,0.854382,-1.785129,-9.352524,1.060653,0.153964,-0.640709,1.000000,1.000000,0.340000,0.100000,-1.000000,1.060653
948,0.843914,-1.787430,-9.358931,1.058164,0.150590,-0.639312,0.980000,1.000000,0.340000,0.100000,-1.000000,1.058164
949,0.833455,-1.789629,-9.365324,1.055700,0.147244,-0.640748,0.960000,1.000000,0.340000,0.100000,-1.000000,1.055700
950,0.823004,-1.791726,-9.371732,1.053256,0.143955,-0.644958,0.940000,1.000000,0.340000,0.100000,-1.000000,1.053256
951,0.812562,-1.793722,-9.378181,1.050828,0.140751,-0.651855,0.940000,1.000000,0.340000,0.100000,-1.000000,1.050828
952,0.802131,-1.795617,-9.384700,1.048413,0.137658,-0.661317,0.920000,1.000000,0.340000,0.100000,-1.000000,1.048413
953,0.791710,-1.797413,-9.391313,1.046006,0.134698,-0.673195,0.900000,1.000000,0.340000,0.100000,-1.000000,1.046006
954,0.781301,-1.799109,-9.398045,1.043603,0.131894,-0.687309,0.900000,1.000000,0.340000,0.100000,-1.000000,1.043603
955,0.770904,-1.800707,-9.404918,1.041202,0.129263,-0.703457,0.880000,1.000000,0.340000,0.100000,-1.000000,1.041202
956,0.760520,-1.802206,-9.411953,1.038799,0.126822,-0.721416,0.860000,1.000000,0.340000,0.100000,-0.300000,1.038799
957,0.750149,-1.803607,-9.419167,1.042359,0.122112,-0.846642,0.860000,1.000000,0.340000,0.100000,-0.300000,1.042359
958,0.739732,-1.804887,-9.427633,1.045821,0.118826,-0.970089,0.840000,1.000000,0.360000,0.100000,-0.300000,1.045821
959,0.729271,-1.806045,-9.437334,1.049181,0.116913,-1.090712,0.820000,1.000000,0.360000,0.100000,-0.300000,1.049181
960,0.718765,-1.807082,-9.448241,1.052434,0.116311,-1.207618,0.800000,1.000000,0.360000,0.100000,0.000000,1.052434
961,0.708217,-1.807998,-9.460317,1.057934,0.122267,-1.092796,0.780000,1.000000,0.380000,0.100000,0.000000,1.057934
962,0.697600,-1.808844,-9.471245,1.063503,0.126806,-0.986843,0.760000,1.000000,0.380000,0.100000,0.100000,1.063503
963,0.686918,-1.809617,-9.481114,1.069130,0.133098,-0.759903,0.740000,1.000000,0.400000,0.100000,0.100000,1.069130
964,0.676169,-1.810344,-9.488713,1.075032,0.136709,-0.550141,0.720000,1.000000,0.400000,0.100000,0.100000,1.075032
965,0.665353,-1.811021,-9.494214,1.081218,0.137940,-0.355679,0.720000,1.000000,0.420000,0.100000,0.100000,1.081218
966,0.654471,-1.811647,-9.497771,1.087682,0.137059,-0.174978,0.720000,1.000000,0.420000,0.100000,0.100000,1.087682
967,0.643523,-1.812221,-9.499521,1.094405,0.134306,-0.006843,0.720000,1.000000,0.420000,0.100000,0.100000,1.094405
968,0.632510,-1.812743,-9.499589,1.101361,0.129897,0.149613,0.720000,1.000000,0.420000,0.100000,0.100000,1.101361
969,0.621430,-1.813215,-9.498093,1.108518,0.124029,0.295015,0.720000,1.000000,0.420000,0.100000,0.100000,1.108518
970,0.610283,-1.813640,-9.495143,1.115838,0.116887,0.429777,0.720000,1.000000,0.400000,0.100000,0.100000,1.115838
971,0.599070,-1.814021,-9.490845,1.123282,0.108643,0.554170,0.740000,1.000000,0.400000,0.100000,0.100000,1.123282
972,0.587790,-1.814364,-9.485303,1.130809,0.099458,0.668372,0.740000,1.000000,0.400000,0.100000,0.100000,1.130809
973,0.576443,-1.814673,-9.478620,1.138379,0.089487,0.772531,0.760000,1.000000,0.380000,0.100000,0.100000,1.138379
974,0.565027,-1.814954,-9.470894,1.145953,0.078873,0.866812,0.760000,1.000000,0.380000,0.100000,0.100000,1.145953
975,0.553544,-1.815213,-9.462226,1.153496,0.067751,0.951436,0.780000,1.000000,0.360000,0.100000,0.000000,1.153496
976,0.541992,-1.815458,-9.452712,1.161027,0.053210,0.896891,0.800000,1.000000,0.360000,0.100000,0.000000,1.161027
977,0.530371,-1.815666,-9.443743,1.168389,0.040025,0.841842,0.820000,1.000000,0.340000,0.100000,-0.300000,1.168389
978,0.518682,-1.815845,-9.435325,1.173307,0.022390,0.541045,0.840000,1.000000,0.340000,0.100000,-0.300000,1.173307
979,0.506947,-1.815945,-9.429914,1.178084,0.008711,0.239606,0.860000,1.000000,0.320000,0.100000,-0.300000,1.178084
980,0.495166,-1.815971,-9.427518,1.182830,-0.001108,-0.057493,0.860000,1.000000,0.320000,0.100000,-0.300000,1.182830
981,0.483337,-1.815928,-9.428093,1.187615,-0.007225,-0.346100,0.860000,1.000000,0.320000,0.100000,-0.300000,1.187615
982,0.471462,-1.815816,-9.431554,1.192476,-0.009844,-0.622870,0.860000,1.000000,0.320000,0.100000,-0.300000,1.192476
983,0.459538,-1.815637,-9.437783,1.197410,-0.009207,-0.885190,0.840000,1.000000,0.340000,0.100000,-0.300000,1.197410
984,0.447566,-1.815389,-9.446635,1.202390,-0.005578,-1.131104,0.820000,1.000000,0.340000,0.100000,-0.300000,1.202390
985,0.435546,-1.815071,-9.457946,1.207363,0.000765,-1.359240,0.800000,1.000000,0.360000,0.100000,0.000000,1.207363
986,0.423479,-1.814678,-9.471538,1.214228,0.016884,-1.254610,0.760000,1.000000,0.380000,0.100000,0.100000,1.214228
987,0.411342,-1.814279,-9.484084,1.220548,0.033912,-1.030028,0.740000,1.000000,0.400000,0.100000,0.100000,1.220548
988,0.399138,-1.813894,-9.494384,1.226782,0.047504,-0.816002,0.720000,1.000000,0.400000,0.100000,0.100000,1.226782
989,0.386867,-1.813515,-9.502544,1.233023,0.057918,-0.613654,0.720000,1.000000,0.420000,0.100000,0.100000,1.233023
990,0.374529,-1.813134,-9.508681,1.239332,0.065422,-0.423380,0.700000,1.000000,0.420000,0.100000,0.100000,1.239332
991,0.362124,-1.812748,-9.512915,1.245749,0.070281,-0.245138,0.700000,1.000000,0.440000,0.100000,0.100000,1.245749
992,0.349653,-1.812351,-9.515366,1.252293,0.072749,-0.078644,0.700000,1.000000,0.440000,0.100000,0.100000,1.252293
993,0.337116,-1.811943,-9.516153,1.258967,0.073067,0.076485,0.680000,1.000000,0.440000,0.100000,0.100000,1.258967
994,0.324512,-1.811522,-9.515388,1.265764,0.071464,0.220655,0.680000,1.000000,0.440000,0.000000,0.100000,1.265764
995,0.311842,-1.811088,-9.513181,1.265666,0.068150,0.354255,0.700000,1.000000,0.440000,0.000000,0.100000,1.265666
996,0.299174,-1.810649,-9.509639,1.265653,0.063330,0.477598,0.700000,1.000000,0.440000,0.000000,0.100000,1.265653
997,0.286509,-1.810208,-9.504863,1.265698,0.057211,0.590923,0.700000,1.000000,0.440000,0.000000,0.100000,1.265698
998,0.273847,-1.809765,-9.498953,1.265772,0.049986,0.694473,0.720000,1.000000,0.420000,0.000000,0.100000,1.265772
999,0.261187,-1.809326,-9.492009,1.265846,0.041834,0.788510,0.720000,1.000000,0.420000,0.000000,0.100000,1.265846
